starting... 
computed 0/336
[  68.    0. 1057.   27.    0.    9.  121.]
computed 1/336
[  68.    0. 2107.   27.    0.  235.  121.]
computed 2/336
[ 121.  572. 9784. 1185.   58.  428.  121.]
computed 3/336
[ 3900.  1834. 16421.  1584.   213.   714.   754.]
computed 4/336
[ 4920.  1975. 17938.  1765.   213.   830.   911.]
computed 5/336
[ 4920.  1975. 17998.  1765.   213.   971.   912.]
computed 6/336
[ 4920.  2721. 29041.  2561.   215.  1124.   912.]
computed 7/336
[ 4920.  2721. 29266.  2660.   215.  1202.   912.]
computed 8/336
[ 4920.  2721. 29314.  2660.   215.  1306.   912.]
computed 9/336
[ 5304.  3044. 40883.  2684.   215.  1508.  2488.]
computed 10/336
[11033.  4058. 42016.  2694.   215.  1508.  4931.]
computed 11/336
[11033.  4058. 43166.  2694.   215.  1518.  4931.]
computed 12/336
[12040.  4595. 47588.  2793.   550.  2139.  5152.]
computed 13/336
[12086.  4595. 49533.  3072.   550.  2516.  5152.]
computed 14/336
[16027.  4800. 52996.  3072.   550.  3219.  5159.]
computed 15/336
[16027.  4800. 53812.  3081.   550.  3393.  5160.]
computed 16/336
[17951.  4971. 59436.  3081.   550.  3458.  5433.]
computed 17/336
[20665.  5687. 65097.  3234.   745.  3515.  7475.]
computed 18/336
[20665.  5687. 66859.  3234.   745.  3635.  7475.]
computed 19/336
[20735.  5687. 66865.  3234.   745.  3635.  7475.]
computed 20/336
[20856.  6526. 78486.  3715.  1093.  3654.  8114.]
computed 21/336
[20856.  6526. 81653.  3715.  1093.  3925.  8114.]
computed 22/336
[20857.  6526. 82385.  3986.  1093.  4059.  8114.]
computed 23/336
[21966.  7063. 85651.  4069.  1242.  4190.  8671.]
computed 24/336
[24851.  7071. 88456.  4096.  1242.  4301.  8673.]
computed 25/336
[36016.  8416. 93519.  4730.  1324.  4457.  9302.]
computed 26/336
[36016.  8416. 94279.  4734.  1324.  4952.  9302.]
computed 27/336
[36070.  8452. 97218.  4946.  1324.  5264.  9302.]
computed 28/336
[36070.  8452. 97458.  4980.  1329.  5315.  9302.]
computed 29/336
[ 36070.   8789. 115179.   6779.   1409.   5402.   9302.]
computed 30/336
[ 36070.   8789. 116534.   6779.   1409.   5766.   9302.]
computed 31/336
[ 36211.   8932. 118769.   6792.   1424.   5802.   9304.]
computed 32/336
[ 36211.   8932. 121308.   7070.   1467.   5852.   9304.]
computed 33/336
[ 36212.   9500. 128639.   9974.   1467.   5978.   9315.]
computed 34/336
[ 36750.   9500. 129660.   9974.   1467.   6132.   9536.]
computed 35/336
[ 36761.   9512. 131890.  11209.   1521.   6135.   9536.]
computed 36/336
[ 36801.   9876. 135304.  11209.   1521.   6135.   9536.]
computed 37/336
[ 37002.   9876. 135541.  11209.   1521.   6464.   9536.]
computed 38/336
[ 37026.   9886. 136058.  11839.   1521.   6497.   9536.]
computed 39/336
[ 43855.  11375. 141950.  11982.   1521.   6691.  12015.]
computed 40/336
[ 43856.  11390. 155019.  12004.   1521.   6733.  12140.]
computed 41/336
[ 43856.  11390. 157838.  12015.   1521.   7259.  12151.]
computed 42/336
[ 44681.  11392. 162304.  12142.   1521.   7843.  12170.]
computed 43/336
[ 45563.  11944. 166698.  13367.   1619.   8462.  12410.]
computed 44/336
[ 45825.  12003. 168906.  15550.   1619.   8540.  12425.]
computed 45/336
[ 46642.  12006. 169710.  15583.   1619.   8597.  12787.]
computed 46/336
[ 46642.  12006. 169957.  15617.   1624.   8788.  12787.]
computed 47/336
[ 50874.  12140. 174759.  15617.   1681.   9668.  13065.]
computed 48/336
[ 50874.  12140. 175448.  15617.   1681.   9668.  13075.]
computed 49/336
[ 51278.  12245. 176236.  15619.   1682.   9670.  13188.]
computed 50/336
[ 51590.  12599. 179536.  15758.   1682.   9714.  13245.]
computed 51/336
[ 51633.  14794. 185482.  16218.   1682.   9773.  13752.]
computed 52/336
[ 51633.  14794. 188350.  16251.   1682.   9896.  13756.]
computed 53/336
[ 51943.  14804. 194545.  16260.   1840.  10414.  14106.]
computed 54/336
[ 53559.  15180. 197140.  16325.   1840.  10703.  14484.]
computed 55/336
[ 53559.  15180. 198728.  16509.   1840.  11136.  14484.]
computed 56/336
[ 54327.  15603. 211635.  16729.   1840.  11348.  14987.]
computed 57/336
[ 54327.  15948. 225582.  17808.   1849.  11349.  14987.]
computed 58/336
[ 54327.  15948. 225691.  17808.   1849.  11856.  14987.]
computed 59/336
[ 54518.  16741. 227675.  17808.   1849.  11856.  14987.]
computed 60/336
[ 54518.  16757. 242788.  18455.   1849.  11948.  14987.]
computed 61/336
[ 71050.  18470. 244453.  18455.   1849.  12228.  15300.]
computed 62/336
[ 85400.  18730. 247322.  18747.   1849.  12489.  15325.]
computed 63/336
[ 89530.  19362. 251116.  19283.   1849.  13546.  15546.]
computed 64/336
[ 89530.  19362. 251885.  19530.   1849.  13546.  15548.]
computed 65/336
[ 90856.  19737. 252894.  19531.   1852.  13911.  16357.]
computed 66/336
[ 90856.  19737. 254778.  21181.   1875.  13942.  16359.]
computed 67/336
[ 94716.  20797. 263611.  21635.   1875.  14208.  16737.]
computed 68/336
[ 97760.  22289. 266039.  23086.   1875.  14486.  17819.]
computed 69/336
[ 97760.  22299. 269035.  23500.   1879.  14486.  17819.]
computed 70/336
[ 98542.  22318. 270890.  23510.   1879.  14547.  27778.]
computed 71/336
[102040.  22399. 275631.  23875.   2011.  14746.  29051.]
computed 72/336
[102040.  22399. 279646.  26903.   2015.  14790.  29051.]
computed 73/336
[104566.  22468. 285286.  27383.   2025.  14866.  29408.]
computed 74/336
[104799.  22468. 286900.  27394.   2146.  15257.  29420.]
computed 75/336
[104807.  22482. 290737.  27518.   2149.  15277.  29847.]
computed 76/336
[105570.  23089. 292135.  27518.   3537.  15277.  29847.]
computed 77/336
[105570.  23089. 292623.  27523.   3544.  15457.  29847.]
computed 78/336
[105697.  23089. 294215.  27529.   3544.  15869.  29848.]
computed 79/336
[105697.  23089. 295163.  27594.   3544.  16522.  29848.]
computed 80/336
[106102.  23937. 300032.  27945.   3544.  16522.  31137.]
computed 81/336
[106379.  24023. 300032.  27945.   3544.  16522.  31137.]
computed 82/336
[109128.  24602. 310130.  28397.   3783.  16710.  32692.]
computed 83/336
[109150.  24602. 311848.  28405.   3783.  16902.  32698.]
computed 84/336
[109333.  24602. 313627.  28405.   3783.  16902.  32737.]
computed 85/336
[110194.  25270. 316925.  28421.   3783.  16902.  35006.]
computed 86/336
[113827.  25449. 329527.  28605.   4666.  17363.  37343.]
computed 87/336
[114889.  25689. 335606.  28605.   4666.  17760.  37922.]
computed 88/336
[115207.  25914. 336384.  28605.   4666.  18289.  40078.]
computed 89/336
[115431.  25997. 340925.  29339.   4666.  18289.  40078.]
computed 90/336
[115526.  25997. 341967.  29371.   4666.  19013.  40078.]
computed 91/336
[116255.  27122. 347002.  29644.   4675.  19058.  40506.]
computed 92/336
[117673.  27957. 354454.  29802.   4675.  19190.  40621.]
computed 93/336
[117690.  27957. 355301.  29804.   4675.  19512.  40723.]
computed 94/336
[121079.  28531. 363807.  30146.   4677.  19599.  41140.]
computed 95/336
[121079.  28531. 373856.  33732.   4696.  19762.  41140.]
computed 96/336
[124555.  29893. 374031.  33732.   4696.  19918.  41155.]
computed 97/336
[124583.  29916. 375693.  33779.   4696.  20081.  41155.]
computed 98/336
[124583.  30144. 380720.  33826.   4734.  20138.  41155.]
computed 99/336
[124713.  30181. 398312.  38075.   4834.  20392.  41161.]
computed 100/336
[125443.  30408. 399977.  38122.   4834.  20610.  41817.]
computed 101/336
[126793.  30902. 410083.  38312.   4834.  20968.  43165.]
computed 102/336
[127792.  30966. 421743.  38688.   5573.  21193.  43736.]
computed 103/336
[128920.  31001. 423834.  38711.   5573.  21272.  43902.]
computed 104/336
[128920.  31001. 424090.  38711.   5573.  21272.  43902.]
computed 105/336
[128920.  31381. 434060.  39242.   5573.  21272.  43902.]
computed 106/336
[129264.  31510. 436126.  39247.   5573.  21335.  43910.]
computed 107/336
[129264.  31517. 441908.  41118.   5588.  21442.  43910.]
computed 108/336
[131569.  31602. 448295.  41562.   5593.  21582.  44496.]
computed 109/336
[131569.  31731. 452732.  41794.   5607.  21582.  44510.]
computed 110/336
[132139.  31731. 453659.  41807.   5610.  22000.  44969.]
computed 111/336
[132173.  31922. 461101.  41862.   5610.  22059.  45067.]
computed 112/336
[132173.  31922. 469202.  42164.   5610.  22481.  45267.]
computed 113/336
[132177.  31924. 473300.  43901.   5728.  22519.  45295.]
computed 114/336
[132177.  33142. 480560.  44316.   5802.  22696.  45295.]
computed 115/336
[132177.  33142. 480735.  44474.   5802.  22972.  45295.]
computed 116/336
[132403.  33142. 481535.  44476.   5802.  23121.  46745.]
computed 117/336
[132469.  33142. 482036.  44536.   5802.  23591.  46745.]
computed 118/336
[132927.  33807. 485236.  44556.   5802.  25730.  50887.]
computed 119/336
[133785.  33808. 488307.  44557.   5864.  25825.  51108.]
computed 120/336
[133927.  33808. 488505.  44557.   5864.  25825.  51111.]
computed 121/336
[134692.  34353. 490165.  44561.   5864.  25937.  51456.]
computed 122/336
[136518.  36224. 495032.  45285.   5864.  26348.  51896.]
computed 123/336
[136719.  36226. 498288.  45310.   5864.  26350.  52042.]
computed 124/336
[137270.  36627. 501021.  45530.   5950.  26392.  52162.]
computed 125/336
[137331.  36679. 504481.  45530.   5950.  26713.  52220.]
computed 126/336
[137331.  36679. 505238.  45616.   5952.  26778.  52220.]
computed 127/336
[137638.  38425. 506490.  45616.   5952.  26779.  52220.]
computed 128/336
[137660.  38606. 513114.  45950.   5957.  27157.  52220.]
computed 129/336
[138203.  38754. 515792.  46112.   5957.  27255.  52524.]
computed 130/336
[139521.  38755. 517559.  46112.   5957.  27562.  52638.]
computed 131/336
[139521.  38755. 518609.  46115.   5957.  27868.  52822.]
computed 132/336
[139521.  38914. 529547.  46693.   6002.  27870.  52834.]
computed 133/336
[139521.  38914. 529914.  46693.   6008.  27962.  52834.]
computed 134/336
[139641.  38914. 532923.  46695.   6281.  28436.  54700.]
computed 135/336
[139653.  38914. 533519.  47488.   6282.  28526.  54703.]
computed 136/336
[139794.  39092. 537016.  47538.   6282.  28758.  54717.]
computed 137/336
[139866.  39157. 539037.  47538.   6282.  28930.  54766.]
computed 138/336
[142352.  39255. 546506.  47644.   6283.  29018.  55455.]
computed 139/336
[142352.  39259. 555414.  49648.   6283.  29052.  55460.]
computed 140/336
[144378.  39972. 557200.  49648.   6283.  29081.  57969.]
computed 141/336
[150006.  40870. 562229.  49880.   6311.  29081.  59557.]
computed 142/336
[150006.  41162. 578393.  52738.   6349.  29171.  59557.]
computed 143/336
[153060.  41636. 583860.  52811.   6349.  29832.  59557.]
computed 144/336
[153060.  42162. 590971.  52822.   6364.  29832.  59557.]
computed 145/336
[154320.  42542. 597544.  53726.   7257.  30110.  60034.]
computed 146/336
[154991.  42736. 600530.  53833.   7487.  30151.  61088.]
computed 147/336
[156117.  42758. 601653.  54024.   7571.  30658.  61308.]
computed 148/336
[156425.  45225. 609236.  54206.   7571.  30791.  62707.]
computed 149/336
[156894.  48206. 613428.  54206.   7571.  30849.  63430.]
computed 150/336
[157542.  48472. 622882.  57164.   7571.  31323.  63998.]
computed 151/336
[158036.  48494. 623197.  57164.   7571.  31400.  64004.]
computed 152/336
[158036.  48624. 624567.  57291.   7572.  31439.  64005.]
computed 153/336
[161280.  48723. 627625.  57370.   7593.  31777.  64622.]
computed 154/336
[165203.  48907. 635820.  57374.   7593.  31962.  65147.]
computed 155/336
[165203.  48947. 647041.  58375.   7723.  32149.  65147.]
computed 156/336
[167601.  48980. 649712.  58376.   7723.  32447.  65147.]
computed 157/336
[167601.  48980. 649712.  58376.   7723.  32447.  65147.]
computed 158/336
[167735.  49603. 662703.  58503.   8433.  32709.  65285.]
computed 159/336
[168619.  50362. 663639.  58504.   8433.  33259.  66330.]
computed 160/336
[168624.  50362. 664428.  58537.   8433.  33386.  66330.]
computed 161/336
[168690.  51073. 670268.  59200.   8434.  33799.  66330.]
computed 162/336
[168690.  51132. 671140.  59200.   8434.  34134.  66330.]
computed 163/336
[171375.  52464. 675334.  61860.   8434.  34215.  66640.]
computed 164/336
[171633.  52896. 688026.  61981.   8530.  34215.  66640.]
computed 165/336
[172039.  52927. 691031.  61981.   8530.  34498.  66642.]
computed 166/336
[172039.  52945. 692476.  61981.   8530.  34675.  69971.]
computed 167/336
[172039.  52954. 705824.  67435.   8608.  34781.  69971.]
computed 168/336
[183612.  53484. 708609.  67436.   8608.  36920.  70375.]
computed 169/336
[183702.  53514. 709174.  67436.   8608.  36959.  70375.]
computed 170/336
[186146.  53689. 716720.  68777.   8608.  37041.  70727.]
computed 171/336
[186146.  53689. 716921.  68782.   8608.  37353.  70897.]
computed 172/336
[186180.  53689. 716924.  68782.   8608.  37355.  70897.]
computed 173/336
[186225.  53690. 718583.  69058.   8616.  37664.  70900.]
computed 174/336
[188686.  55815. 721008.  69060.   8776.  37785.  71301.]
computed 175/336
[189103.  56716. 723462.  69200.   8964.  39084.  72827.]
computed 176/336
[189103.  56716. 724142.  69232.   8964.  39670.  72827.]
computed 177/336
[190126.  58357. 737951.  69273.   9094.  39674.  73089.]
computed 178/336
[190288.  58399. 741091.  69279.   9094.  39697.  73219.]
computed 179/336
[190302.  58681. 743058.  69279.   9094.  39697.  73219.]
computed 180/336
[190302.  58772. 755143.  70693.   9164.  39869.  73219.]
computed 181/336
[191751.  59200. 761203.  70731.   9182.  40147.  73549.]
computed 182/336
[192239.  59397. 765182.  70735.   9182.  40379.  73700.]
computed 183/336
[193141.  59421. 766028.  70735.   9182.  40387.  73700.]
computed 184/336
[193223.  59564. 773254.  70742.   9182.  40417.  73700.]
computed 185/336
[193223.  59564. 778539.  72890.   9182.  40534.  73706.]
computed 186/336
[193223.  59564. 779117.  72891.   9182.  40941.  73706.]
computed 187/336
[195536.  60640. 783552.  72923.   9221.  41681.  74446.]
computed 188/336
[195639.  60671. 785800.  72957.   9221.  41688.  74799.]
computed 189/336
[196821.  60832. 791959.  73071.   9221.  42003.  75043.]
computed 190/336
[196824.  60852. 794056.  74111.   9221.  42024.  75056.]
computed 191/336
[202714.  61034. 799556.  74141.   9221.  42156.  75304.]
computed 192/336
[202714.  61147. 813042.  74743.   9221.  42211.  75311.]
computed 193/336
[202714.  61147. 813627.  75082.   9221.  42659.  75311.]
computed 194/336
[221563.  61375. 815364.  75088.   9221.  42659.  75631.]
computed 195/336
[221563.  61375. 817872.  75089.   9221.  42674.  75631.]
computed 196/336
[221571.  62256. 818983.  75089.   9221.  42674.  75631.]
computed 197/336
[221576.  62527. 827845.  75645.   9237.  43030.  75631.]
computed 198/336
[226877.  64799. 833515.  76345.   9237.  43609.  76134.]
computed 199/336
[226877.  64799. 834213.  76345.   9237.  43740.  76134.]
computed 200/336
[227324.  66655. 836778.  76347.   9237.  43740.  76308.]
computed 201/336
[227704.  66872. 848266.  76583.   9238.  43859.  76352.]
computed 202/336
[238760.  68733. 852644.  76583.   9238.  44168.  76355.]
computed 203/336
[239064.  69289. 858693.  76599.   9239.  44168.  76355.]
computed 204/336
[240001.  69289. 861261.  76616.   9239.  44168.  76585.]
computed 205/336
[240067.  69289. 862027.  76617.   9239.  44620.  76585.]
computed 206/336
[240086.  69496. 862189.  76650.   9938.  45077.  79664.]
computed 207/336
[247601.  71366. 867387.  77551.  10461.  45626.  79664.]
computed 208/336
[247601.  71746. 878210.  77751.  10502.  45626.  79664.]
computed 209/336
[247905.  71746. 881375.  77751.  10504.  45938.  81413.]
computed 210/336
[247905.  71746. 881451.  77751.  10504.  45938.  81413.]
computed 211/336
[248275.  71957. 883870.  77751.  10504.  45953.  81413.]
computed 212/336
[252083.  72414. 889747.  77780.  11018.  45974.  82163.]
computed 213/336
[252083.  72938. 889969.  77787.  11018.  46019.  82163.]
computed 214/336
[252392.  73161. 895986.  78166.  11044.  46083.  82163.]
computed 215/336
[252392.  73161. 909563.  79192.  11054.  46203.  82163.]
computed 216/336
[256944.  75486. 917840.  79325.  11056.  46640.  82685.]
computed 217/336
[257081.  75486. 926062.  79338.  11056.  47073.  82686.]
computed 218/336
[258433.  75773. 932865.  79687.  11298.  47081.  82917.]
computed 219/336
[258434.  75773. 934490.  79689.  11298.  47154.  82919.]
computed 220/336
[258559.  75985. 937482.  81196.  11298.  47154.  82919.]
computed 221/336
[258559.  75985. 938348.  81610.  11303.  47668.  82919.]
computed 222/336
[258559.  75985. 938680.  81610.  11303.  47916.  82937.]
computed 223/336
[259984.  79257. 946690.  82119.  11310.  47916.  83867.]
computed 224/336
[259984.  79257. 953242.  82541.  11310.  48219.  83867.]
computed 225/336
[259984.  79547. 955437.  82542.  11310.  48973.  83867.]
computed 226/336
[259984.  79567. 955488.  82542.  11310.  48999.  83867.]
computed 227/336
[261153.  79771. 970640.  82906.  11311.  49164.  84315.]
computed 228/336
[261153.  79771. 970875.  82906.  11311.  49220.  84429.]
computed 229/336
[261374.  79773. 971718.  82906.  11311.  49454.  84549.]
computed 230/336
[261733.  79849. 976518.  83107.  11311.  49544.  84549.]
computed 231/336
[264378.  80555. 979756.  83107.  11311.  49795.  84549.]
computed 232/336
[264378.  80555. 981102.  83690.  11313.  50512.  84550.]
computed 233/336
[264397.  80778. 981658.  84153.  11314.  50523.  85007.]
computed 234/336
[275709.  82843. 985262.  84254.  11357.  51093.  85292.]
computed 235/336
[275709.  82868. 989673.  87947.  11408.  51181.  85323.]
computed 236/336
[275709.  82868. 990495.  87947.  11408.  51295.  85326.]
computed 237/336
[289774.  83260. 998994.  89077.  11408.  51448.  85906.]
computed 238/336
[289774.  83260. 998994.  89077.  11408.  51460.  85906.]
computed 239/336
[ 289815.   83299. 1003337.   89078.   11408.   51530.   85922.]
computed 240/336
[ 291071.   83523. 1003792.   89078.   11408.   51530.   88239.]
computed 241/336
[ 295271.   85537. 1008845.   89227.   11696.   51530.   90805.]
computed 242/336
[ 296879.   86004. 1013992.   89236.   11696.   51535.   91094.]
computed 243/336
[ 296884.   86004. 1016966.   89253.   11696.   51625.   91125.]
computed 244/336
[ 297184.   86853. 1022514.   89253.   11820.   51658.   91229.]
computed 245/336
[ 297185.   86853. 1023115.   89259.   11838.   51902.   91229.]
computed 246/336
[ 297269.   86853. 1026628.   89263.   11838.   52054.   91511.]
computed 247/336
[ 298591.   87459. 1031863.   89477.   12232.   52176.   92067.]
computed 248/336
[ 298591.   87510. 1041017.   90184.   12232.   52333.   92068.]
computed 249/336
[ 298611.   87957. 1043223.   90217.   12241.   52494.   95509.]
computed 250/336
[ 299750.   90410. 1045245.   90217.   12241.   52592.   95509.]
computed 251/336
[ 299820.   90445. 1060887.   90559.   12352.   52797.   95647.]
computed 252/336
[ 301321.   90742. 1063690.   90561.   12352.   53237.   95647.]
computed 253/336
[ 304234.   90765. 1072188.   90808.   12508.   53755.   96563.]
computed 254/336
[ 304254.   90805. 1083865.   92713.   12599.   54051.   96563.]
computed 255/336
[ 306723.   90919. 1086076.   92718.   12640.   54158.   96819.]
computed 256/336
[ 306739.   90923. 1091633.   92718.   12640.   54158.   96819.]
computed 257/336
[ 306849.   91005. 1094448.   92795.   12688.   54211.   96869.]
computed 258/336
[ 306849.   91005. 1097955.   92795.   12688.   54265.   96869.]
computed 259/336
[ 322928.   93043. 1103147.   92883.   12688.   54476.   97186.]
computed 260/336
[ 323170.   93043. 1104221.   93096.   12688.   54823.   97186.]
computed 261/336
[ 327135.   93464. 1109172.   93109.   12688.   54831.   97530.]
computed 262/336
[ 327277.   93667. 1113018.   93109.   12688.   54831.   97530.]
computed 263/336
[ 331125.   96281. 1119910.   93364.   13235.   54831.  100238.]
computed 264/336
[ 331925.   96439. 1121367.   93732.   13235.   54952.  100243.]
computed 265/336
[ 332363.   97237. 1129854.   93765.   13294.   55151.  101327.]
computed 266/336
[ 332363.   97237. 1130920.   93964.   13294.   55444.  101327.]
computed 267/336
[ 336100.   97261. 1133302.   94109.   13362.   55583.  101882.]
computed 268/336
[ 336650.   97261. 1136491.   94218.   13363.   55914.  102785.]
computed 269/336
[ 337233.   97265. 1137217.   94218.   13363.   56124.  102785.]
computed 270/336
[ 337933.   98884. 1142493.   94767.   13399.   56190.  103087.]
computed 271/336
[ 337933.   98884. 1142728.   94770.   13399.   56287.  103087.]
computed 272/336
[ 337933.   99195. 1156376.   96225.   13400.   56391.  103134.]
computed 273/336
[ 338295.   99562. 1160158.   96225.   14309.   56391.  103134.]
computed 274/336
[ 338295.   99573. 1171132.   97650.   14309.   56559.  103143.]
computed 275/336
[ 342504.   99738. 1174543.   98523.   14309.   56926.  106917.]
computed 276/336
[ 342504.   99896. 1181641.   98988.   14325.   56926.  106917.]
computed 277/336
[ 342680.  100074. 1186042.   99059.   14325.   58372.  110309.]
computed 278/336
[ 342680.  100488. 1194384.   99476.   14325.   58481.  110309.]
computed 279/336
[ 342808.  100488. 1200357.   99756.   14327.   59224.  110311.]
computed 280/336
[ 342808.  100488. 1200670.   99810.   14327.   59827.  110311.]
computed 281/336
[ 345103.  102369. 1205564.  100270.   14592.   60099.  111524.]
computed 282/336
[ 345492.  102435. 1220924.  100270.   14592.   60192.  113896.]
computed 283/336
[ 346343.  103028. 1235303.  100322.   14704.   60193.  113897.]
computed 284/336
[ 346343.  103274. 1247730.  104568.   14778.   60259.  113897.]
computed 285/336
[ 346442.  103308. 1249752.  104576.   14779.   60269.  113948.]
computed 286/336
[ 351812.  103793. 1254972.  104738.   15182.   60303.  115635.]
computed 287/336
[ 351812.  103793. 1255695.  104911.   15182.   60452.  115644.]
computed 288/336
[ 352984.  104103. 1258715.  104911.   15182.   60516.  115713.]
computed 289/336
[ 352998.  104149. 1263656.  105136.   15183.   60847.  115713.]
computed 290/336
[ 352998.  104149. 1264576.  105281.   15206.   61137.  115713.]
computed 291/336
[ 358646.  104909. 1266209.  105309.   15206.   63713.  118575.]
computed 292/336
[ 358666.  104909. 1268083.  105309.   15206.   63728.  119383.]
computed 293/336
[ 359549.  107507. 1273667.  105309.   15245.   63763.  121103.]
computed 294/336
[ 360124.  108641. 1282777.  105309.   15245.   63763.  121103.]
computed 295/336
[ 360124.  108641. 1289534.  105309.   15245.   63786.  121103.]
computed 296/336
[ 367649.  109714. 1293883.  105423.   15245.   63856.  121498.]
computed 297/336
[ 367796.  109834. 1299838.  105435.   15503.   64072.  124013.]
computed 298/336
[ 367798.  109993. 1307272.  105611.   15503.   64092.  124013.]
computed 299/336
[ 367798.  110568. 1313317.  108845.   15503.   64093.  124057.]
computed 300/336
[ 368506.  111237. 1314875.  108854.   15503.   64093.  124057.]
computed 301/336
[ 371348.  112202. 1318341.  109372.   15503.   64410.  124069.]
computed 302/336
[ 371399.  112383. 1325173.  109796.   15504.   64447.  124319.]
computed 303/336
[ 371399.  112383. 1325362.  109802.   15504.   64563.  124319.]
computed 304/336
[ 379895.  112485. 1326279.  109809.   15504.   64690.  125297.]
computed 305/336
[ 382657.  112828. 1337166.  109835.   15504.   64867.  125297.]
computed 306/336
[ 383104.  112864. 1344414.  109844.   15504.   65326.  125364.]
computed 307/336
[ 383683.  113010. 1344926.  109844.   15504.   65454.  128182.]
computed 308/336
[ 383683.  113010. 1345320.  109916.   15504.   65488.  128182.]
computed 309/336
[ 388679.  114151. 1348577.  109916.   15504.   65623.  130232.]
computed 310/336
[ 388679.  114183. 1349860.  109916.   15504.   65623.  130232.]
computed 311/336
[ 388756.  114194. 1350859.  109918.   15504.   65623.  130232.]
computed 312/336
[ 388757.  114206. 1362912.  111185.   15504.   65716.  130233.]
computed 313/336
[ 389802.  114206. 1365798.  111185.   15504.   65740.  130240.]
computed 314/336
[ 391738.  114984. 1368899.  111819.   15570.   65740.  131258.]
computed 315/336
[ 392380.  115371. 1374432.  111819.   15848.   65857.  131607.]
computed 316/336
[ 392380.  115451. 1375565.  111819.   15848.   66297.  131608.]
computed 317/336
[ 393994.  115463. 1377685.  111820.   15848.   66297.  131608.]
computed 318/336
[ 395118.  115463. 1382550.  111971.   15848.   66387.  131959.]
computed 319/336
[ 395118.  119533. 1399864.  112170.   16595.   66387.  131959.]
computed 320/336
[ 395125.  119533. 1402121.  112170.   16595.   66387.  131959.]
computed 321/336
[ 398009.  120347. 1405274.  112255.   16604.   66559.  135874.]
computed 322/336
[ 400325.  120353. 1417865.  112275.   16612.   66559.  136887.]
computed 323/336
[ 400725.  121299. 1419958.  112275.   16612.   66559.  137370.]
computed 324/336
[ 411000.  122093. 1426599.  112289.   16612.   66792.  140101.]
computed 325/336
[ 412636.  122281. 1432413.  112476.   16612.   67171.  141256.]
computed 326/336
[ 414645.  122688. 1433832.  112476.   16612.   67258.  141578.]
computed 327/336
[ 419770.  123118. 1444399.  112483.   16612.   67859.  143035.]
computed 328/336
[ 420072.  123122. 1448691.  112494.   16757.   67990.  143256.]
computed 329/336
[ 420075.  123271. 1451380.  112494.   16757.   67990.  143601.]
computed 330/336
[ 422796.  123714. 1458588.  112504.   16834.   68477.  144511.]
computed 331/336
[ 423367.  124129. 1459356.  113018.   16834.   68540.  146010.]
computed 332/336
[ 432468.  124520. 1462399.  113018.   16834.   68721.  146416.]
computed 333/336
[ 436125.  125489. 1467557.  113286.   16907.   69206.  147542.]
computed 334/336
[ 436211.  125489. 1469297.  113371.   16907.   69521.  147719.]
computed 335/336
[ 436810.  125676. 1474247.  113397.   17075.   69621.  147797.]
final train 
[ 436810.  125676. 1474247.  113397.   17075.   69621.  147797.]
computed 0/128
[ 599.  187. 4950.   26.  168.  100.   78.]
computed 1/128
[1198.  374. 9900.   52.  336.  200.  156.]
computed 2/128
[ 1797.   561. 14850.    78.   504.   300.   234.]
computed 3/128
[ 2396.   748. 19800.   104.   672.   400.   312.]
computed 4/128
[ 2995.   935. 24750.   130.   840.   500.   390.]
computed 5/128
[ 3594.  1122. 29700.   156.  1008.   600.   468.]
computed 6/128
[ 4193.  1309. 34650.   182.  1176.   700.   546.]
computed 7/128
[ 4792.  1496. 39600.   208.  1344.   800.   624.]
computed 8/128
[ 5391.  1683. 44550.   234.  1512.   900.   702.]
computed 9/128
[ 5990.  1870. 49500.   260.  1680.  1000.   780.]
computed 10/128
[ 6589.  2057. 54450.   286.  1848.  1100.   858.]
computed 11/128
[ 7188.  2244. 59400.   312.  2016.  1200.   936.]
computed 12/128
[ 7787.  2431. 64350.   338.  2184.  1300.  1014.]
computed 13/128
[ 8386.  2618. 69300.   364.  2352.  1400.  1092.]
computed 14/128
[ 8985.  2805. 74250.   390.  2520.  1500.  1170.]
computed 15/128
[ 9584.  2992. 79200.   416.  2688.  1600.  1248.]
computed 16/128
[10183.  3179. 84150.   442.  2856.  1700.  1326.]
computed 17/128
[10782.  3366. 89100.   468.  3024.  1800.  1404.]
computed 18/128
[11381.  3553. 94050.   494.  3192.  1900.  1482.]
computed 19/128
[11980.  3740. 99000.   520.  3360.  2000.  1560.]
computed 20/128
[ 12579.   3927. 103950.    546.   3528.   2100.   1638.]
computed 21/128
[ 13178.   4114. 108900.    572.   3696.   2200.   1716.]
computed 22/128
[ 13777.   4301. 113850.    598.   3864.   2300.   1794.]
computed 23/128
[ 14376.   4488. 118800.    624.   4032.   2400.   1872.]
computed 24/128
[ 14975.   4675. 123750.    650.   4200.   2500.   1950.]
computed 25/128
[ 15574.   4862. 128700.    676.   4368.   2600.   2028.]
computed 26/128
[ 16173.   5049. 133650.    702.   4536.   2700.   2106.]
computed 27/128
[ 16772.   5236. 138600.    728.   4704.   2800.   2184.]
computed 28/128
[ 17371.   5423. 143550.    754.   4872.   2900.   2262.]
computed 29/128
[ 17970.   5610. 148500.    780.   5040.   3000.   2340.]
computed 30/128
[ 18569.   5797. 153450.    806.   5208.   3100.   2418.]
computed 31/128
[ 19168.   5984. 158400.    832.   5376.   3200.   2496.]
computed 32/128
[ 19767.   6171. 163350.    858.   5544.   3300.   2574.]
computed 33/128
[ 20366.   6358. 168300.    884.   5712.   3400.   2652.]
computed 34/128
[ 20965.   6545. 173250.    910.   5880.   3500.   2730.]
computed 35/128
[ 21564.   6732. 178200.    936.   6048.   3600.   2808.]
computed 36/128
[ 22163.   6919. 183150.    962.   6216.   3700.   2886.]
computed 37/128
[ 22762.   7106. 188100.    988.   6384.   3800.   2964.]
computed 38/128
[ 23361.   7293. 193050.   1014.   6552.   3900.   3042.]
computed 39/128
[ 23960.   7480. 198000.   1040.   6720.   4000.   3120.]
computed 40/128
[ 24559.   7667. 202950.   1066.   6888.   4100.   3198.]
computed 41/128
[ 25158.   7854. 207900.   1092.   7056.   4200.   3276.]
computed 42/128
[ 25757.   8041. 212850.   1118.   7224.   4300.   3354.]
computed 43/128
[ 26356.   8228. 217800.   1144.   7392.   4400.   3432.]
computed 44/128
[ 26955.   8415. 222750.   1170.   7560.   4500.   3510.]
computed 45/128
[ 27554.   8602. 227700.   1196.   7728.   4600.   3588.]
computed 46/128
[ 28153.   8789. 232650.   1222.   7896.   4700.   3666.]
computed 47/128
[ 28752.   8976. 237600.   1248.   8064.   4800.   3744.]
computed 48/128
[ 29351.   9163. 242550.   1274.   8232.   4900.   3822.]
computed 49/128
[ 29950.   9350. 247500.   1300.   8400.   5000.   3900.]
computed 50/128
[ 30549.   9537. 252450.   1326.   8568.   5100.   3978.]
computed 51/128
[ 31148.   9724. 257400.   1352.   8736.   5200.   4056.]
computed 52/128
[ 31747.   9911. 262350.   1378.   8904.   5300.   4134.]
computed 53/128
[ 32346.  10098. 267300.   1404.   9072.   5400.   4212.]
computed 54/128
[ 32945.  10285. 272250.   1430.   9240.   5500.   4290.]
computed 55/128
[ 33544.  10472. 277200.   1456.   9408.   5600.   4368.]
computed 56/128
[ 34143.  10659. 282150.   1482.   9576.   5700.   4446.]
computed 57/128
[ 34742.  10846. 287100.   1508.   9744.   5800.   4524.]
computed 58/128
[ 35341.  11033. 292050.   1534.   9912.   5900.   4602.]
computed 59/128
[ 35940.  11220. 297000.   1560.  10080.   6000.   4680.]
computed 60/128
[ 36539.  11407. 301950.   1586.  10248.   6100.   4758.]
computed 61/128
[ 37138.  11594. 306900.   1612.  10416.   6200.   4836.]
computed 62/128
[ 37737.  11781. 311850.   1638.  10584.   6300.   4914.]
computed 63/128
[ 38336.  11968. 316800.   1664.  10752.   6400.   4992.]
computed 64/128
[ 38935.  12155. 321750.   1690.  10920.   6500.   5070.]
computed 65/128
[ 39534.  12342. 326700.   1716.  11088.   6600.   5148.]
computed 66/128
[ 40133.  12529. 331650.   1742.  11256.   6700.   5226.]
computed 67/128
[ 40732.  12716. 336600.   1768.  11424.   6800.   5304.]
computed 68/128
[ 41331.  12903. 341550.   1794.  11592.   6900.   5382.]
computed 69/128
[ 41930.  13090. 346500.   1820.  11760.   7000.   5460.]
computed 70/128
[ 42529.  13277. 351450.   1846.  11928.   7100.   5538.]
computed 71/128
[ 43128.  13464. 356400.   1872.  12096.   7200.   5616.]
computed 72/128
[ 43727.  13651. 361350.   1898.  12264.   7300.   5694.]
computed 73/128
[ 44326.  13838. 366300.   1924.  12432.   7400.   5772.]
computed 74/128
[ 44925.  14025. 371250.   1950.  12600.   7500.   5850.]
computed 75/128
[ 45524.  14212. 376200.   1976.  12768.   7600.   5928.]
computed 76/128
[ 46123.  14399. 381150.   2002.  12936.   7700.   6006.]
computed 77/128
[ 46722.  14586. 386100.   2028.  13104.   7800.   6084.]
computed 78/128
[ 47321.  14773. 391050.   2054.  13272.   7900.   6162.]
computed 79/128
[ 47920.  14960. 396000.   2080.  13440.   8000.   6240.]
computed 80/128
[ 48519.  15147. 400950.   2106.  13608.   8100.   6318.]
computed 81/128
[ 49118.  15334. 405900.   2132.  13776.   8200.   6396.]
computed 82/128
[ 49717.  15521. 410850.   2158.  13944.   8300.   6474.]
computed 83/128
[ 50316.  15708. 415800.   2184.  14112.   8400.   6552.]
computed 84/128
[ 50915.  15895. 420750.   2210.  14280.   8500.   6630.]
computed 85/128
[ 51514.  16082. 425700.   2236.  14448.   8600.   6708.]
computed 86/128
[ 52113.  16269. 430650.   2262.  14616.   8700.   6786.]
computed 87/128
[ 52712.  16456. 435600.   2288.  14784.   8800.   6864.]
computed 88/128
[ 53311.  16643. 440550.   2314.  14952.   8900.   6942.]
computed 89/128
[ 53910.  16830. 445500.   2340.  15120.   9000.   7020.]
computed 90/128
[ 54509.  17017. 450450.   2366.  15288.   9100.   7098.]
computed 91/128
[ 55108.  17204. 455400.   2392.  15456.   9200.   7176.]
computed 92/128
[ 55707.  17391. 460350.   2418.  15624.   9300.   7254.]
computed 93/128
[ 56306.  17578. 465300.   2444.  15792.   9400.   7332.]
computed 94/128
[ 56905.  17765. 470250.   2470.  15960.   9500.   7410.]
computed 95/128
[ 57504.  17952. 475200.   2496.  16128.   9600.   7488.]
computed 96/128
[ 58103.  18139. 480150.   2522.  16296.   9700.   7566.]
computed 97/128
[ 58702.  18326. 485100.   2548.  16464.   9800.   7644.]
computed 98/128
[ 59301.  18513. 490050.   2574.  16632.   9900.   7722.]
computed 99/128
[ 59900.  18700. 495000.   2600.  16800.  10000.   7800.]
computed 100/128
[ 60499.  18887. 499950.   2626.  16968.  10100.   7878.]
computed 101/128
[ 61098.  19074. 504900.   2652.  17136.  10200.   7956.]
computed 102/128
[ 61697.  19261. 509850.   2678.  17304.  10300.   8034.]
computed 103/128
[ 62296.  19448. 514800.   2704.  17472.  10400.   8112.]
computed 104/128
[ 62895.  19635. 519750.   2730.  17640.  10500.   8190.]
computed 105/128
[ 63494.  19822. 524700.   2756.  17808.  10600.   8268.]
computed 106/128
[ 64093.  20009. 529650.   2782.  17976.  10700.   8346.]
computed 107/128
[ 64692.  20196. 534600.   2808.  18144.  10800.   8424.]
computed 108/128
[ 65291.  20383. 539550.   2834.  18312.  10900.   8502.]
computed 109/128
[ 65890.  20570. 544500.   2860.  18480.  11000.   8580.]
computed 110/128
[ 66489.  20757. 549450.   2886.  18648.  11100.   8658.]
computed 111/128
[ 67088.  20944. 554400.   2912.  18816.  11200.   8736.]
computed 112/128
[ 67687.  21131. 559350.   2938.  18984.  11300.   8814.]
computed 113/128
[ 68286.  21318. 564300.   2964.  19152.  11400.   8892.]
computed 114/128
[ 68885.  21505. 569250.   2990.  19320.  11500.   8970.]
computed 115/128
[ 69484.  21692. 574200.   3016.  19488.  11600.   9048.]
computed 116/128
[ 70083.  21879. 579150.   3042.  19656.  11700.   9126.]
computed 117/128
[ 70682.  22066. 584100.   3068.  19824.  11800.   9204.]
computed 118/128
[ 71281.  22253. 589050.   3094.  19992.  11900.   9282.]
computed 119/128
[ 71880.  22440. 594000.   3120.  20160.  12000.   9360.]
computed 120/128
[ 72479.  22627. 598950.   3146.  20328.  12100.   9438.]
computed 121/128
[ 73078.  22814. 603900.   3172.  20496.  12200.   9516.]
computed 122/128
[ 73677.  23001. 608850.   3198.  20664.  12300.   9594.]
computed 123/128
[ 74276.  23188. 613800.   3224.  20832.  12400.   9672.]
computed 124/128
[ 74875.  23375. 618750.   3250.  21000.  12500.   9750.]
computed 125/128
[ 75474.  23562. 623700.   3276.  21168.  12600.   9828.]
computed 126/128
[ 76073.  23749. 628650.   3302.  21336.  12700.   9906.]
computed 127/128
[ 76672.  23936. 633600.   3328.  21504.  12800.   9984.]
final test 
[ 76672.  23936. 633600.   3328.  21504.  12800.   9984.]
