starting... 
computed 0/336
[ 654. 1092. 5668.  337.  202.  347.  145.]
computed 1/336
[  917.  1143. 13356.   366.   202.   917.   145.]
computed 2/336
[  978.  1664. 27956.  2506.   317.  1114.   145.]
computed 3/336
[ 7254.  3511. 36776.  3208.   473.  1408.   801.]
computed 4/336
[ 9745.  4118. 49353.  4040.   476.  1584.   958.]
computed 5/336
[ 9745.  4118. 50979.  4040.   476.  1767.   959.]
computed 6/336
[ 9745.  5916. 64755.  5033.   478.  1952.   959.]
computed 7/336
[ 9745.  5916. 65723.  5532.   481.  2361.   959.]
computed 8/336
[ 9745.  5916. 65825.  5532.   481.  2674.   959.]
computed 9/336
[10205.  6351. 75403.  5738.   481.  2889.  1437.]
computed 10/336
[27621.  8107. 77703.  5782.   514.  2895.  1913.]
computed 11/336
[27983.  8224. 91632.  7543.   542.  2906.  1913.]
computed 12/336
[29732.  8893. 98641.  7734.  1095.  3636.  2145.]
computed 13/336
[ 29953.   8893. 104885.   8635.   1095.   4143.   2145.]
computed 14/336
[ 36651.   9186. 108762.   8635.   1095.   4849.   2173.]
computed 15/336
[ 36651.   9186. 109592.   8704.   1095.   5459.   2174.]
computed 16/336
[ 39767.   9895. 121933.   8714.   1759.   5571.   2466.]
computed 17/336
[ 45411.  10818. 129074.   9105.   2121.   5947.   2899.]
computed 18/336
[ 46093.  10818. 138432.   9116.   2121.   6360.   2899.]
computed 19/336
[ 49504.  10826. 138970.   9116.   2121.   6378.   2899.]
computed 20/336
[ 50689.  11849. 154119.   9817.   2803.   6502.   3608.]
computed 21/336
[ 50689.  11849. 157393.   9832.   2803.   6780.   3608.]
computed 22/336
[ 50690.  11849. 158188.  10264.   2803.   6943.   3608.]
computed 23/336
[ 52824.  12546. 162027.  10374.   3066.   7161.   4486.]
computed 24/336
[ 59878.  13131. 164620.  10508.   3068.   7272.   4497.]
computed 25/336
[ 78024.  14499. 172191.  11913.   3684.   7604.   5142.]
computed 26/336
[ 78024.  14499. 174550.  12399.   3684.   8558.   5142.]
computed 27/336
[ 78096.  14535. 177962.  12661.   3684.   8877.   5142.]
computed 28/336
[ 78096.  14535. 178854.  12930.   3689.   9020.   5142.]
computed 29/336
[ 78096.  14872. 196001.  14793.   3775.   9107.   5146.]
computed 30/336
[ 78096.  14872. 200299.  14927.   3775.   9860.   5146.]
computed 31/336
[ 78801.  15127. 205419.  14953.   3844.   9898.   5148.]
computed 32/336
[ 78801.  15129. 213286.  15376.   3892.   9961.   5148.]
computed 33/336
[ 78802.  15689. 219444.  18066.   3892.  10088.   5159.]
computed 34/336
[ 80702.  15698. 227472.  18212.   3892.  10293.   5403.]
computed 35/336
[ 80714.  15710. 229688.  19655.   3949.  10296.   5403.]
computed 36/336
[ 81346.  18778. 234467.  20597.   4669.  10296.   5403.]
computed 37/336
[ 82265.  18794. 237534.  20629.   4672.  10721.   5403.]
computed 38/336
[ 82331.  18938. 240858.  22055.   4672.  10754.   5403.]
computed 39/336
[ 92468.  21420. 248789.  23087.   4672.  10976.   5789.]
computed 40/336
[ 92505.  21446. 264460.  23148.   4926.  11018.   5923.]
computed 41/336
[ 92506.  21446. 268228.  23281.   4926.  11643.   5934.]
computed 42/336
[ 93568.  21450. 277044.  23438.   4926.  12302.   5960.]
computed 43/336
[ 97246.  22217. 281981.  25114.   5097.  12746.   6334.]
computed 44/336
[ 98569.  23112. 288547.  26485.   5097.  12853.   6350.]
computed 45/336
[101926.  23639. 296945.  27496.   5342.  12910.   6832.]
computed 46/336
[101926.  23639. 298088.  27842.   5374.  13374.   6832.]
computed 47/336
[107383.  23811. 302751.  27843.   5496.  14340.   7121.]
computed 48/336
[107395.  23821. 305116.  27843.   5496.  14340.   7143.]
computed 49/336
[110089.  24514. 315669.  28338.   5779.  14343.   7258.]
computed 50/336
[112540.  24912. 321973.  29467.   5779.  14388.   7377.]
computed 51/336
[112594.  27530. 330717.  30601.   5792.  14532.   7884.]
computed 52/336
[112594.  27538. 340907.  30841.   5822.  14738.   7888.]
computed 53/336
[113207.  27548. 350108.  30857.   6135.  15316.   8245.]
computed 54/336
[117411.  28219. 355379.  30988.   6135.  15994.   8657.]
computed 55/336
[117412.  28219. 358953.  31939.   6137.  16758.   8657.]
computed 56/336
[118368.  28695. 372626.  32207.   6137.  17024.   9187.]
computed 57/336
[118368.  29251. 390833.  33599.   6245.  17049.   9187.]
computed 58/336
[118368.  29251. 392720.  33645.   6245.  17937.   9188.]
computed 59/336
[121877.  30197. 395573.  33860.   6249.  17937.   9188.]
computed 60/336
[121882.  30213. 411948.  35189.   6249.  18080.   9188.]
computed 61/336
[154012.  32390. 413950.  35190.   6249.  18423.   9539.]
computed 62/336
[178314.  32851. 417082.  35753.   6249.  19028.   9564.]
computed 63/336
[186558.  33600. 422459.  36927.   6249.  20094.   9816.]
computed 64/336
[186558.  33600. 423872.  37639.   6254.  20100.   9818.]
computed 65/336
[189857.  35090. 428227.  37664.   6267.  20649.  11213.]
computed 66/336
[189857.  35090. 430128.  39379.   6290.  20680.  11216.]
computed 67/336
[194851.  36603. 441974.  40077.   6299.  20959.  11608.]
computed 68/336
[200000.  39008. 449262.  41798.   6299.  21525.  11945.]
computed 69/336
[200000.  39018. 452253.  42323.   6303.  21525.  11945.]
computed 70/336
[205336.  39237. 466267.  42982.   6472.  22156.  16033.]
computed 71/336
[212319.  39323. 473555.  44228.   6720.  22444.  17370.]
computed 72/336
[212319.  39323. 477606.  47109.   6726.  22488.  17370.]
computed 73/336
[223105.  39420. 482653.  48063.   6736.  22568.  17778.]
computed 74/336
[223404.  39420. 488628.  48116.   7442.  23092.  17790.]
computed 75/336
[223561.  39594. 493802.  48675.   7718.  23233.  18302.]
computed 76/336
[229242.  40326. 496744.  48795.   8922.  23395.  18302.]
computed 77/336
[229242.  40326. 497499.  48806.   8929.  23582.  18302.]
computed 78/336
[229369.  40326. 499298.  49001.   8929.  24000.  18303.]
computed 79/336
[229369.  40326. 503801.  50440.  10080.  24712.  18303.]
computed 80/336
[231406.  41367. 512782.  51058.  10080.  24712.  19583.]
computed 81/336
[233471.  41496. 513108.  51058.  10080.  24712.  19583.]
computed 82/336
[237946.  42633. 525642.  51842.  10712.  24943.  21166.]
computed 83/336
[237971.  42633. 530050.  51853.  10712.  25183.  21241.]
computed 84/336
[238866.  42642. 534523.  51908.  10712.  25202.  21968.]
computed 85/336
[240527.  43388. 539589.  51973.  10712.  25202.  23989.]
computed 86/336
[244979.  43595. 552166.  52557.  11890.  25681.  25906.]
computed 87/336
[250974.  43900. 563251.  53070.  11894.  26922.  28148.]
computed 88/336
[252160.  45213. 569655.  53087.  11894.  27194.  29146.]
computed 89/336
[252983.  45495. 581140.  54169.  11894.  27194.  29146.]
computed 90/336
[253082.  45495. 582223.  54204.  11894.  28088.  29146.]
computed 91/336
[253891.  46848. 586838.  54497.  11906.  28133.  29575.]
computed 92/336
[258595.  47912. 596778.  55593.  12546.  28354.  30308.]
computed 93/336
[258616.  47912. 598361.  55639.  12546.  28703.  30415.]
computed 94/336
[263206.  48880. 610900.  56422.  12548.  28790.  30853.]
computed 95/336
[263206.  48880. 620747.  61611.  12567.  28953.  30853.]
computed 96/336
[269445.  50719. 621186.  61612.  12582.  29160.  30871.]
computed 97/336
[269599.  50795. 626541.  61767.  12582.  29332.  30873.]
computed 98/336
[269599.  51033. 635809.  61945.  12676.  29389.  30873.]
computed 99/336
[269748.  51070. 652776.  65798.  12778.  29758.  30879.]
computed 100/336
[271776.  51664. 659446.  66455.  12778.  29995.  31564.]
computed 101/336
[273480.  52863. 673593.  66737.  12778.  30354.  32920.]
computed 102/336
[275035.  52966. 685921.  67416.  13996.  30579.  33923.]
computed 103/336
[277069.  53175. 693607.  67852.  13999.  30754.  34098.]
computed 104/336
[277099.  53175. 698032.  67889.  13999.  30754.  34098.]
computed 105/336
[277099.  53579. 715619.  69237.  14800.  30754.  34102.]
computed 106/336
[279912.  54932. 729128.  69688.  14908.  30817.  34113.]
computed 107/336
[279912.  54939. 734834.  71712.  14923.  30933.  34113.]
computed 108/336
[283538.  55275. 746471.  72563.  14939.  31074.  34733.]
computed 109/336
[283538.  55458. 756890.  74410.  15560.  31074.  34747.]
computed 110/336
[286732.  55467. 768490.  74442.  15587.  31648.  35308.]
computed 111/336
[286769.  55784. 775758.  74619.  15587.  31754.  35409.]
computed 112/336
[286774.  55784. 788871.  75200.  15587.  32269.  35609.]
computed 113/336
[286778.  55786. 792960.  77525.  15705.  32307.  35646.]
computed 114/336
[286780.  57060. 801433.  78246.  15812.  32486.  35646.]
computed 115/336
[286782.  57060. 802372.  78700.  15812.  32946.  35646.]
computed 116/336
[288577.  57061. 806041.  78709.  15836.  33175.  37198.]
computed 117/336
[288750.  57061. 808192.  79904.  15839.  33849.  37198.]
computed 118/336
[290143.  58015. 812436.  79928.  15840.  34276.  39809.]
computed 119/336
[291433.  58017. 818933.  79929.  16080.  34455.  40103.]
computed 120/336
[291781.  58017. 819143.  79929.  16080.  34455.  40110.]
computed 121/336
[293965.  59247. 822621.  79967.  16080.  34568.  40500.]
computed 122/336
[297512.  63051. 831635.  81487.  16080.  34987.  41401.]
computed 123/336
[298275.  63073. 839380.  81724.  16080.  34989.  41564.]
computed 124/336
[300159.  63699. 844079.  82109.  16680.  35033.  41684.]
computed 125/336
[300577.  63772. 858100.  82126.  16685.  36005.  41786.]
computed 126/336
[300577.  63772. 858940.  82222.  16687.  36073.  41786.]
computed 127/336
[304563.  65593. 859676.  82328.  16687.  36200.  41786.]
computed 128/336
[304605.  65779. 867128.  82751.  16700.  36722.  41790.]
computed 129/336
[305407.  65993. 876648.  83225.  16700.  36997.  42108.]
computed 130/336
[311825.  66136. 879216.  83374.  16700.  37389.  42229.]
computed 131/336
[311845.  66136. 881770.  83409.  16700.  37951.  42430.]
computed 132/336
[311845.  66298. 891591.  84272.  16772.  37953.  42442.]
computed 133/336
[311845.  66298. 893121.  84318.  16778.  38600.  42442.]
computed 134/336
[312051.  66298. 898035.  84323.  18133.  38929.  44724.]
computed 135/336
[312082.  66298. 898945.  88832.  18156.  39128.  44727.]
computed 136/336
[312315.  66855. 914744.  89229.  18156.  39457.  44743.]
computed 137/336
[312459.  66974. 921147.  89229.  18156.  39709.  44824.]
computed 138/336
[315654.  67194. 932711.  89803.  18157.  39797.  45513.]
computed 139/336
[315654.  67199. 941717.  93175.  18157.  39831.  45518.]
computed 140/336
[322033.  69216. 950395.  93425.  18636.  39868.  47902.]
computed 141/336
[333888.  70194. 956874.  94569.  19106.  39868.  48253.]
computed 142/336
[333888.  70533. 974485.  97637.  19150.  40310.  48253.]
computed 143/336
[339012.  71023. 982102.  97742.  19150.  41056.  48253.]
computed 144/336
[339025.  71559. 998862.  98403.  21434.  41070.  48253.]
computed 145/336
[ 340396.   71994. 1006058.   99877.   23293.   41348.   48743.]
computed 146/336
[ 341839.   72346. 1021640.  100679.   24383.   41390.   49848.]
computed 147/336
[ 345446.   72446. 1030658.  102070.   24659.   42393.   50347.]
computed 148/336
[ 346251.   74422. 1044467.  103154.   24659.   42523.   51747.]
computed 149/336
[ 348457.   76895. 1051405.  104420.   24659.   42635.   54335.]
computed 150/336
[ 350526.   77329. 1059070.  106037.   24659.   43277.   54944.]
computed 151/336
[ 352908.   77438. 1062575.  106136.   24659.   43354.   54950.]
computed 152/336
[ 352908.   77615. 1068085.  106967.   24660.   43483.   54977.]
computed 153/336
[ 358464.   77725. 1074839.  107800.   24681.   44210.   55758.]
computed 154/336
[ 363639.   77917. 1085044.  107909.   24681.   44455.   56298.]
computed 155/336
[ 363639.   77957. 1098703.  109639.   24829.   44749.   56298.]
computed 156/336
[ 366833.   78583. 1104365.  109665.   24829.   45149.   56298.]
computed 157/336
[ 366833.   78583. 1104387.  109665.   24829.   45158.   56299.]
computed 158/336
[ 366967.   79269. 1118270.  109928.   26148.   45437.   56472.]
computed 159/336
[ 371519.   80646. 1124745.  109952.   26446.   46844.   57760.]
computed 160/336
[ 371528.   80646. 1130300.  110128.   26446.   47241.   57760.]
computed 161/336
[ 371595.   81389. 1137123.  111010.   26473.   47876.   57760.]
computed 162/336
[ 371595.   81451. 1143238.  111069.   26473.   48326.   57760.]
computed 163/336
[ 378852.   83472. 1152475.  114131.   26473.   48499.   58109.]
computed 164/336
[ 379521.   83906. 1160457.  114417.   26680.   48512.   58109.]
computed 165/336
[ 380149.   83954. 1169603.  114417.   26681.   48824.   58111.]
computed 166/336
[ 380335.   84230. 1171077.  114417.   26681.   49023.   60346.]
computed 167/336
[ 380335.   84248. 1184490.  119182.   26780.   49151.   60346.]
computed 168/336
[ 398515.   85080. 1188465.  119185.   26780.   49743.   60784.]
computed 169/336
[ 399003.   85849. 1193649.  119622.   26793.   49990.   60784.]
computed 170/336
[ 404873.   86070. 1202308.  121757.   26793.   50270.   61136.]
computed 171/336
[ 404873.   86070. 1203102.  121838.   26793.   50723.   61377.]
computed 172/336
[ 406306.   86314. 1206241.  121868.   26793.   50734.   61377.]
computed 173/336
[ 406354.   86315. 1208988.  122234.   26801.   51069.   61380.]
computed 174/336
[ 413560.   87447. 1217244.  122251.   27049.   51215.   61784.]
computed 175/336
[ 415327.   88461. 1220315.  123056.   27302.   51470.   62818.]
computed 176/336
[ 415327.   88464. 1221530.  123498.   27302.   52451.   62818.]
computed 177/336
[ 417425.   89972. 1238327.  123652.   27476.   52455.   63090.]
computed 178/336
[ 418029.   90014. 1245051.  123662.   27476.   52499.   63245.]
computed 179/336
[ 418666.   91075. 1249580.  123688.   27520.   52519.   63245.]
computed 180/336
[ 418666.   91190. 1264846.  126413.   27666.   52831.   63245.]
computed 181/336
[ 421582.   91694. 1272760.  126545.   27685.   53200.   63646.]
computed 182/336
[ 423950.   92369. 1278361.  126551.   27686.   53638.   63806.]
computed 183/336
[ 425228.   92902. 1286951.  126802.   27687.   53646.   63806.]
computed 184/336
[ 425443.   93062. 1297148.  128394.   27690.   53816.   63806.]
computed 185/336
[ 425454.   93065. 1303031.  130812.   27690.   53999.   63812.]
computed 186/336
[ 425454.   93065. 1304137.  130953.   27705.   54813.   63812.]
computed 187/336
[ 428199.   94174. 1310283.  131021.   27968.   55382.   64616.]
computed 188/336
[ 428620.   94244. 1318301.  131220.   27995.   55424.   65340.]
computed 189/336
[ 430267.   94435. 1327566.  131570.   28000.   55767.   65607.]
computed 190/336
[ 430270.   94455. 1329642.  133084.   28000.   55802.   65620.]
computed 191/336
[ 442342.   94680. 1336970.  133144.   28000.   55935.   65960.]
computed 192/336
[ 442342.   94793. 1358671.  135590.   28000.   56341.   65967.]
computed 193/336
[ 442342.   94793. 1359819.  135906.   28000.   56811.   65967.]
computed 194/336
[ 478174.   95073. 1363160.  135939.   28001.   56811.   66299.]
computed 195/336
[ 478174.   95073. 1366944.  139557.   28001.   57402.   66299.]
computed 196/336
[ 479560.   96457. 1370435.  139925.   28001.   57402.   66299.]
computed 197/336
[ 479584.   96734. 1381505.  140596.   28074.   57823.   66310.]
computed 198/336
[ 489479.  100281. 1388629.  142446.   28074.   58680.   66859.]
computed 199/336
[ 489479.  100281. 1389352.  142446.   28074.   58894.   66859.]
computed 200/336
[ 491805.  102890. 1392654.  143210.   28089.   58894.   67187.]
computed 201/336
[ 492225.  103211. 1404471.  143529.   28092.   59013.   67428.]
computed 202/336
[ 512471.  106174. 1410654.  143584.   28092.   60305.   67478.]
computed 203/336
[ 514137.  106819. 1419621.  144610.   28093.   60305.   67478.]
computed 204/336
[ 516379.  106823. 1427989.  144638.   28093.   60305.   67710.]
computed 205/336
[ 516514.  106823. 1430287.  144871.   28093.   61111.   67710.]
computed 206/336
[ 518651.  107664. 1433962.  145190.   29143.   61626.   70667.]
computed 207/336
[ 533868.  109981. 1441231.  147033.   29466.   62706.   70667.]
computed 208/336
[ 533868.  110391. 1453498.  148705.   29520.   62706.   70677.]
computed 209/336
[ 537453.  110744. 1460067.  148713.   29532.   63089.   72481.]
computed 210/336
[ 537453.  110746. 1460281.  148713.   29532.   63089.   72481.]
computed 211/336
[ 539316.  111188. 1462858.  149321.   29758.   63104.   72481.]
computed 212/336
[ 548234.  111932. 1469393.  150174.   31025.   63163.   73170.]
computed 213/336
[ 548234.  112472. 1475946.  150427.   31025.   63558.   73170.]
computed 214/336
[ 548660.  112730. 1487211.  151684.   31086.   63799.   73170.]
computed 215/336
[ 548660.  112730. 1499125.  153369.   31108.   63974.   73170.]
computed 216/336
[ 559244.  115469. 1512936.  153613.   31284.   64542.   73848.]
computed 217/336
[ 559385.  115469. 1525493.  153933.   31284.   64999.   73849.]
computed 218/336
[ 560935.  115777. 1534217.  154645.   31529.   65007.   74084.]
computed 219/336
[ 560947.  115777. 1537541.  154653.   31529.   65164.   74087.]
computed 220/336
[ 561330.  116014. 1546889.  155591.   31541.   65182.   74087.]
computed 221/336
[ 561330.  116014. 1549660.  158205.   31613.   65761.   74087.]
computed 222/336
[ 561330.  116014. 1550303.  158205.   31613.   66073.   74105.]
computed 223/336
[ 564436.  118597. 1558149.  159448.   31621.   66073.   77528.]
computed 224/336
[ 564436.  118598. 1564699.  159886.   31621.   66380.   77528.]
computed 225/336
[ 564436.  118901. 1568127.  159913.   31621.   67602.   77528.]
computed 226/336
[ 564436.  118936. 1568380.  159913.   31621.   67773.   77528.]
computed 227/336
[ 566254.  119141. 1586601.  160624.   31623.   68106.   78000.]
computed 228/336
[ 566254.  119141. 1587249.  160624.   31623.   68165.   78117.]
computed 229/336
[ 566873.  119143. 1588999.  160627.   31623.   68482.   78262.]
computed 230/336
[ 567498.  119831. 1599085.  161025.   31626.   68575.   78262.]
computed 231/336
[ 572568.  121493. 1611371.  161037.   31631.   68943.   78262.]
computed 232/336
[ 572569.  121493. 1613641.  162354.   31880.   69981.   78263.]
computed 233/336
[ 572591.  121718. 1619405.  162868.   31881.   69992.   78855.]
computed 234/336
[ 589966.  124373. 1623940.  163058.   31924.   70693.   79158.]
computed 235/336
[ 589966.  124398. 1628398.  167740.   31977.   70781.   79189.]
computed 236/336
[ 589966.  124398. 1629359.  167767.   31977.   71084.   79195.]
computed 237/336
[ 605241.  125139. 1639203.  169443.   31977.   71240.   79775.]
computed 238/336
[ 605278.  125139. 1640555.  169472.   31977.   71500.   79783.]
computed 239/336
[ 605414.  125191. 1651841.  169597.   31981.   71599.   79799.]
computed 240/336
[ 610254.  126139. 1659645.  170363.   32218.   72268.   82624.]
computed 241/336
[ 621433.  128846. 1666188.  171388.   33044.   72399.   84587.]
computed 242/336
[ 625247.  129457. 1671806.  171403.   33044.   72404.   84958.]
computed 243/336
[ 625252.  129502. 1680121.  171671.   33075.   72563.   84998.]
computed 244/336
[ 627079.  130876. 1696036.  171675.   33292.   72623.   85261.]
computed 245/336
[ 627118.  130876. 1697347.  171728.   33421.   73086.   85261.]
computed 246/336
[ 627583.  130876. 1705764.  171736.   33421.   73679.   85737.]
computed 247/336
[ 629584.  131525. 1713378.  172111.   34504.   73861.   86341.]
computed 248/336
[ 629596.  131580. 1722471.  172856.   34504.   74048.   86342.]
computed 249/336
[ 630021.  133106. 1730767.  173496.   34714.   74246.   88924.]
computed 250/336
[ 640785.  134595. 1735000.  173496.   34714.   74435.   88924.]
computed 251/336
[ 640876.  134632. 1752648.  173901.   34843.   74657.   89063.]
computed 252/336
[ 645074.  135036. 1756116.  173992.   34843.   75024.   89063.]
computed 253/336
[ 649353.  135061. 1768899.  174667.   35190.   75723.   89646.]
computed 254/336
[ 649392.  135101. 1780900.  176875.   35304.   76030.   89646.]
computed 255/336
[ 658282.  135400. 1785860.  177000.   35499.   76300.   89958.]
computed 256/336
[ 658441.  135424. 1788181.  177000.   35902.   76300.   89958.]
computed 257/336
[ 661829.  135691. 1792082.  177203.   36029.   76390.   90143.]
computed 258/336
[ 663688.  135698. 1799091.  177203.   36029.   76484.   90143.]
computed 259/336
[ 688576.  138524. 1805503.  177343.   36036.   76830.   90474.]
computed 260/336
[ 689071.  138524. 1810091.  177661.   36282.   77338.   90476.]
computed 261/336
[ 700467.  139135. 1816208.  178509.   36282.   77377.   90918.]
computed 262/336
[ 701649.  139974. 1822749.  178705.   36282.   77570.   90930.]
computed 263/336
[ 707600.  143121. 1831639.  179342.   37229.   77570.   94022.]
computed 264/336
[ 709143.  144073. 1833290.  180104.   37229.   77691.   94029.]
computed 265/336
[ 709957.  145188. 1846194.  180897.   37953.   77891.   95271.]
computed 266/336
[ 709957.  145188. 1848065.  181486.   37960.   78238.   95271.]
computed 267/336
[ 721275.  145234. 1853473.  182016.   38041.   78377.   96247.]
computed 268/336
[ 722195.  145241. 1859839.  182420.   38048.   78838.   97152.]
computed 269/336
[ 723530.  145257. 1865551.  182420.   38048.   79317.   97152.]
computed 270/336
[ 725088.  147065. 1880638.  185143.   38116.   79424.   97525.]
computed 271/336
[ 725088.  147065. 1881663.  185242.   38116.   79968.   97525.]
computed 272/336
[ 725088.  147378. 1897077.  187503.   38117.   80502.   97572.]
computed 273/336
[ 729022.  147786. 1898765.  187602.   40028.   80502.   97572.]
computed 274/336
[ 729022.  147797. 1909601.  190440.   40028.   80710.   97581.]
computed 275/336
[ 736963.  147974. 1913294.  192091.   40028.   81287.  100861.]
computed 276/336
[ 736963.  148132. 1925460.  193628.   40089.   81287.  100889.]
computed 277/336
[ 737282.  148363. 1930159.  193759.   40089.   82217.  104327.]
computed 278/336
[ 737282.  148779. 1944434.  194852.   40091.   82369.  104327.]
computed 279/336
[ 737429.  148779. 1953638.  195446.   40093.   83148.  104332.]
computed 280/336
[ 737433.  148779. 1955014.  195844.   40093.   84063.  104332.]
computed 281/336
[ 741449.  153081. 1966128.  196491.   40374.   84387.  105625.]
computed 282/336
[ 743697.  153215. 1973271.  196512.   40374.   84537.  106101.]
computed 283/336
[ 745070.  153910. 1986724.  197274.   40769.   84662.  106109.]
computed 284/336
[ 745070.  154250. 1999277.  201752.   40843.   84772.  106112.]
computed 285/336
[ 745393.  154485. 2006480.  202180.   41120.   84833.  106217.]
computed 286/336
[ 755121.  155020. 2015674.  204037.   41742.   85235.  108139.]
computed 287/336
[ 755122.  155020. 2016449.  204341.   41742.   85456.  108174.]
computed 288/336
[ 756859.  155523. 2030311.  204733.   41743.   85697.  108243.]
computed 289/336
[ 756895.  156056. 2041120.  206283.   41795.   86089.  108243.]
computed 290/336
[ 756897.  156056. 2043227.  206888.   41945.   86394.  108243.]
computed 291/336
[ 765616.  157095. 2045525.  207063.   41945.   86660.  111033.]
computed 292/336
[ 765712.  157096. 2052714.  207082.   41945.   86686.  112556.]
computed 293/336
[ 767120.  159530. 2065086.  207139.   41989.   86721.  114276.]
computed 294/336
[ 769277.  161066. 2076659.  207215.   41989.   86721.  114276.]
computed 295/336
[ 769277.  161066. 2078553.  207279.   41989.   87998.  114279.]
computed 296/336
[ 785571.  164204. 2084517.  207971.   41989.   88119.  114685.]
computed 297/336
[ 785892.  164400. 2091826.  208221.   42477.   88338.  117108.]
computed 298/336
[ 785894.  164562. 2100185.  209833.   42477.   88583.  117108.]
computed 299/336
[ 785894.  165027. 2109941.  211021.   42477.   88997.  117166.]
computed 300/336
[ 787572.  165788. 2113885.  211403.   42477.   89070.  117166.]
computed 301/336
[ 795213.  168163. 2119258.  212749.   42477.   89804.  117183.]
computed 302/336
[ 795264.  168349. 2129635.  214204.   42478.   89842.  117466.]
computed 303/336
[ 795264.  168349. 2131062.  214399.   42478.   90165.  117466.]
computed 304/336
[ 821026.  168587. 2132694.  214406.   42478.   90299.  118512.]
computed 305/336
[ 825092.  168954. 2146953.  214490.   42490.   90489.  118512.]
computed 306/336
[ 825736.  168990. 2157879.  214500.   42490.   90955.  118645.]
computed 307/336
[ 829530.  169701. 2159750.  214500.   42499.   91356.  119959.]
computed 308/336
[ 829530.  169701. 2160591.  214708.   42499.   91441.  119959.]
computed 309/336
[ 839224.  170893. 2166767.  214713.   42499.   91677.  121967.]
computed 310/336
[ 839224.  170959. 2170753.  214713.   42499.   91677.  121967.]
computed 311/336
[ 840561.  171186. 2175663.  216898.   42499.   91677.  121980.]
computed 312/336
[ 840562.  171198. 2190240.  218607.   42499.   91800.  121981.]
computed 313/336
[ 841658.  171198. 2193327.  218607.   42499.   91824.  121996.]
computed 314/336
[ 846813.  173210. 2201402.  220034.   42853.   91941.  123082.]
computed 315/336
[ 847494.  173766. 2206375.  220034.   43636.   92084.  123432.]
computed 316/336
[ 847659.  174153. 2209207.  220972.   43645.   92612.  123443.]
computed 317/336
[ 852614.  174265. 2209716.  221024.   43652.   92612.  123444.]
computed 318/336
[ 856163.  174265. 2216583.  221585.   43652.   93158.  123827.]
computed 319/336
[ 856181.  179144. 2237567.  221870.   44408.   93286.  123829.]
computed 320/336
[ 856188.  179144. 2237910.  221870.   44408.   93286.  123829.]
computed 321/336
[ 864743.  180318. 2240321.  223258.   44556.   93481.  127756.]
computed 322/336
[ 867472.  180373. 2256136.  223393.   44653.   93481.  128292.]
computed 323/336
[ 870054.  181555. 2258444.  223866.   44653.   93481.  128836.]
computed 324/336
[ 892271.  182501. 2265891.  223891.   44653.   93739.  131646.]
computed 325/336
[ 894962.  182694. 2273312.  224152.   44788.   94198.  132442.]
computed 326/336
[ 900386.  183150. 2275846.  224182.   44788.   94361.  132901.]
computed 327/336
[ 907467.  183632. 2288793.  224196.   44788.   95103.  134466.]
computed 328/336
[ 908197.  183642. 2295761.  224279.   45010.   95388.  134795.]
computed 329/336
[ 908285.  183991. 2303821.  224287.   45055.   95608.  135790.]
computed 330/336
[ 912042.  184572. 2314504.  224316.   45178.   96112.  136813.]
computed 331/336
[ 913561.  185002. 2318550.  225481.   45178.   96175.  137647.]
computed 332/336
[ 923394.  185560. 2323206.  225493.   45178.   96526.  138133.]
computed 333/336
[ 930389.  186933. 2334475.  226297.   46085.   97540.  139424.]
computed 334/336
[ 930630.  186933. 2337861.  226395.   46087.   97923.  139604.]
computed 335/336
[ 931280.  187236. 2344767.  226429.   46275.   98041.  139791.]
final train 
[ 931280.  187236. 2344767.  226429.   46275.   98041.  139791.]
computed 0/128
[ 650.  303. 6906.   34.  188.  118.  187.]
computed 1/128
[ 1300.   606. 13812.    68.   376.   236.   374.]
computed 2/128
[ 1950.   909. 20718.   102.   564.   354.   561.]
computed 3/128
[ 2600.  1212. 27624.   136.   752.   472.   748.]
computed 4/128
[ 3250.  1515. 34530.   170.   940.   590.   935.]
computed 5/128
[ 3900.  1818. 41436.   204.  1128.   708.  1122.]
computed 6/128
[ 4550.  2121. 48342.   238.  1316.   826.  1309.]
computed 7/128
[ 5200.  2424. 55248.   272.  1504.   944.  1496.]
computed 8/128
[ 5850.  2727. 62154.   306.  1692.  1062.  1683.]
computed 9/128
[ 6500.  3030. 69060.   340.  1880.  1180.  1870.]
computed 10/128
[ 7150.  3333. 75966.   374.  2068.  1298.  2057.]
computed 11/128
[ 7800.  3636. 82872.   408.  2256.  1416.  2244.]
computed 12/128
[ 8450.  3939. 89778.   442.  2444.  1534.  2431.]
computed 13/128
[ 9100.  4242. 96684.   476.  2632.  1652.  2618.]
computed 14/128
[  9750.   4545. 103590.    510.   2820.   1770.   2805.]
computed 15/128
[ 10400.   4848. 110496.    544.   3008.   1888.   2992.]
computed 16/128
[ 11050.   5151. 117402.    578.   3196.   2006.   3179.]
computed 17/128
[ 11700.   5454. 124308.    612.   3384.   2124.   3366.]
computed 18/128
[ 12350.   5757. 131214.    646.   3572.   2242.   3553.]
computed 19/128
[ 13000.   6060. 138120.    680.   3760.   2360.   3740.]
computed 20/128
[ 13650.   6363. 145026.    714.   3948.   2478.   3927.]
computed 21/128
[ 14300.   6666. 151932.    748.   4136.   2596.   4114.]
computed 22/128
[ 14950.   6969. 158838.    782.   4324.   2714.   4301.]
computed 23/128
[ 15600.   7272. 165744.    816.   4512.   2832.   4488.]
computed 24/128
[ 16250.   7575. 172650.    850.   4700.   2950.   4675.]
computed 25/128
[ 16900.   7878. 179556.    884.   4888.   3068.   4862.]
computed 26/128
[ 17550.   8181. 186462.    918.   5076.   3186.   5049.]
computed 27/128
[ 18200.   8484. 193368.    952.   5264.   3304.   5236.]
computed 28/128
[ 18850.   8787. 200274.    986.   5452.   3422.   5423.]
computed 29/128
[ 19500.   9090. 207180.   1020.   5640.   3540.   5610.]
computed 30/128
[ 20150.   9393. 214086.   1054.   5828.   3658.   5797.]
computed 31/128
[ 20800.   9696. 220992.   1088.   6016.   3776.   5984.]
computed 32/128
[ 21450.   9999. 227898.   1122.   6204.   3894.   6171.]
computed 33/128
[ 22100.  10302. 234804.   1156.   6392.   4012.   6358.]
computed 34/128
[ 22750.  10605. 241710.   1190.   6580.   4130.   6545.]
computed 35/128
[ 23400.  10908. 248616.   1224.   6768.   4248.   6732.]
computed 36/128
[ 24050.  11211. 255522.   1258.   6956.   4366.   6919.]
computed 37/128
[ 24700.  11514. 262428.   1292.   7144.   4484.   7106.]
computed 38/128
[ 25350.  11817. 269334.   1326.   7332.   4602.   7293.]
computed 39/128
[ 26000.  12120. 276240.   1360.   7520.   4720.   7480.]
computed 40/128
[ 26650.  12423. 283146.   1394.   7708.   4838.   7667.]
computed 41/128
[ 27300.  12726. 290052.   1428.   7896.   4956.   7854.]
computed 42/128
[ 27950.  13029. 296958.   1462.   8084.   5074.   8041.]
computed 43/128
[ 28600.  13332. 303864.   1496.   8272.   5192.   8228.]
computed 44/128
[ 29250.  13635. 310770.   1530.   8460.   5310.   8415.]
computed 45/128
[ 29900.  13938. 317676.   1564.   8648.   5428.   8602.]
computed 46/128
[ 30550.  14241. 324582.   1598.   8836.   5546.   8789.]
computed 47/128
[ 31200.  14544. 331488.   1632.   9024.   5664.   8976.]
computed 48/128
[ 31850.  14847. 338394.   1666.   9212.   5782.   9163.]
computed 49/128
[ 32500.  15150. 345300.   1700.   9400.   5900.   9350.]
computed 50/128
[ 33150.  15453. 352206.   1734.   9588.   6018.   9537.]
computed 51/128
[ 33800.  15756. 359112.   1768.   9776.   6136.   9724.]
computed 52/128
[ 34450.  16059. 366018.   1802.   9964.   6254.   9911.]
computed 53/128
[ 35100.  16362. 372924.   1836.  10152.   6372.  10098.]
computed 54/128
[ 35750.  16665. 379830.   1870.  10340.   6490.  10285.]
computed 55/128
[ 36400.  16968. 386736.   1904.  10528.   6608.  10472.]
computed 56/128
[ 37050.  17271. 393642.   1938.  10716.   6726.  10659.]
computed 57/128
[ 37700.  17574. 400548.   1972.  10904.   6844.  10846.]
computed 58/128
[ 38350.  17877. 407454.   2006.  11092.   6962.  11033.]
computed 59/128
[ 39000.  18180. 414360.   2040.  11280.   7080.  11220.]
computed 60/128
[ 39650.  18483. 421266.   2074.  11468.   7198.  11407.]
computed 61/128
[ 40300.  18786. 428172.   2108.  11656.   7316.  11594.]
computed 62/128
[ 40950.  19089. 435078.   2142.  11844.   7434.  11781.]
computed 63/128
[ 41600.  19392. 441984.   2176.  12032.   7552.  11968.]
computed 64/128
[ 42250.  19695. 448890.   2210.  12220.   7670.  12155.]
computed 65/128
[ 42900.  19998. 455796.   2244.  12408.   7788.  12342.]
computed 66/128
[ 43550.  20301. 462702.   2278.  12596.   7906.  12529.]
computed 67/128
[ 44200.  20604. 469608.   2312.  12784.   8024.  12716.]
computed 68/128
[ 44850.  20907. 476514.   2346.  12972.   8142.  12903.]
computed 69/128
[ 45500.  21210. 483420.   2380.  13160.   8260.  13090.]
computed 70/128
[ 46150.  21513. 490326.   2414.  13348.   8378.  13277.]
computed 71/128
[ 46800.  21816. 497232.   2448.  13536.   8496.  13464.]
computed 72/128
[ 47450.  22119. 504138.   2482.  13724.   8614.  13651.]
computed 73/128
[ 48100.  22422. 511044.   2516.  13912.   8732.  13838.]
computed 74/128
[ 48750.  22725. 517950.   2550.  14100.   8850.  14025.]
computed 75/128
[ 49400.  23028. 524856.   2584.  14288.   8968.  14212.]
computed 76/128
[ 50050.  23331. 531762.   2618.  14476.   9086.  14399.]
computed 77/128
[ 50700.  23634. 538668.   2652.  14664.   9204.  14586.]
computed 78/128
[ 51350.  23937. 545574.   2686.  14852.   9322.  14773.]
computed 79/128
[ 52000.  24240. 552480.   2720.  15040.   9440.  14960.]
computed 80/128
[ 52650.  24543. 559386.   2754.  15228.   9558.  15147.]
computed 81/128
[ 53300.  24846. 566292.   2788.  15416.   9676.  15334.]
computed 82/128
[ 53950.  25149. 573198.   2822.  15604.   9794.  15521.]
computed 83/128
[ 54600.  25452. 580104.   2856.  15792.   9912.  15708.]
computed 84/128
[ 55250.  25755. 587010.   2890.  15980.  10030.  15895.]
computed 85/128
[ 55900.  26058. 593916.   2924.  16168.  10148.  16082.]
computed 86/128
[ 56550.  26361. 600822.   2958.  16356.  10266.  16269.]
computed 87/128
[ 57200.  26664. 607728.   2992.  16544.  10384.  16456.]
computed 88/128
[ 57850.  26967. 614634.   3026.  16732.  10502.  16643.]
computed 89/128
[ 58500.  27270. 621540.   3060.  16920.  10620.  16830.]
computed 90/128
[ 59150.  27573. 628446.   3094.  17108.  10738.  17017.]
computed 91/128
[ 59800.  27876. 635352.   3128.  17296.  10856.  17204.]
computed 92/128
[ 60450.  28179. 642258.   3162.  17484.  10974.  17391.]
computed 93/128
[ 61100.  28482. 649164.   3196.  17672.  11092.  17578.]
computed 94/128
[ 61750.  28785. 656070.   3230.  17860.  11210.  17765.]
computed 95/128
[ 62400.  29088. 662976.   3264.  18048.  11328.  17952.]
computed 96/128
[ 63050.  29391. 669882.   3298.  18236.  11446.  18139.]
computed 97/128
[ 63700.  29694. 676788.   3332.  18424.  11564.  18326.]
computed 98/128
[ 64350.  29997. 683694.   3366.  18612.  11682.  18513.]
computed 99/128
[ 65000.  30300. 690600.   3400.  18800.  11800.  18700.]
computed 100/128
[ 65650.  30603. 697506.   3434.  18988.  11918.  18887.]
computed 101/128
[ 66300.  30906. 704412.   3468.  19176.  12036.  19074.]
computed 102/128
[ 66950.  31209. 711318.   3502.  19364.  12154.  19261.]
computed 103/128
[ 67600.  31512. 718224.   3536.  19552.  12272.  19448.]
computed 104/128
[ 68250.  31815. 725130.   3570.  19740.  12390.  19635.]
computed 105/128
[ 68900.  32118. 732036.   3604.  19928.  12508.  19822.]
computed 106/128
[ 69550.  32421. 738942.   3638.  20116.  12626.  20009.]
computed 107/128
[ 70200.  32724. 745848.   3672.  20304.  12744.  20196.]
computed 108/128
[ 70850.  33027. 752754.   3706.  20492.  12862.  20383.]
computed 109/128
[ 71500.  33330. 759660.   3740.  20680.  12980.  20570.]
computed 110/128
[ 72150.  33633. 766566.   3774.  20868.  13098.  20757.]
computed 111/128
[ 72800.  33936. 773472.   3808.  21056.  13216.  20944.]
computed 112/128
[ 73450.  34239. 780378.   3842.  21244.  13334.  21131.]
computed 113/128
[ 74100.  34542. 787284.   3876.  21432.  13452.  21318.]
computed 114/128
[ 74750.  34845. 794190.   3910.  21620.  13570.  21505.]
computed 115/128
[ 75400.  35148. 801096.   3944.  21808.  13688.  21692.]
computed 116/128
[ 76050.  35451. 808002.   3978.  21996.  13806.  21879.]
computed 117/128
[ 76700.  35754. 814908.   4012.  22184.  13924.  22066.]
computed 118/128
[ 77350.  36057. 821814.   4046.  22372.  14042.  22253.]
computed 119/128
[ 78000.  36360. 828720.   4080.  22560.  14160.  22440.]
computed 120/128
[ 78650.  36663. 835626.   4114.  22748.  14278.  22627.]
computed 121/128
[ 79300.  36966. 842532.   4148.  22936.  14396.  22814.]
computed 122/128
[ 79950.  37269. 849438.   4182.  23124.  14514.  23001.]
computed 123/128
[ 80600.  37572. 856344.   4216.  23312.  14632.  23188.]
computed 124/128
[ 81250.  37875. 863250.   4250.  23500.  14750.  23375.]
computed 125/128
[ 81900.  38178. 870156.   4284.  23688.  14868.  23562.]
computed 126/128
[ 82550.  38481. 877062.   4318.  23876.  14986.  23749.]
computed 127/128
[ 83200.  38784. 883968.   4352.  24064.  15104.  23936.]
final test 
[ 83200.  38784. 883968.   4352.  24064.  15104.  23936.]
