starting... 
computed 0/336
[ 601.  345. 3474.  211.   39.  213.  145.]
computed 1/336
[ 849.  381. 9358.  238.   39.  750.  145.]
computed 2/336
[  910.   845. 22995.  2176.   147.   947.   145.]
computed 3/336
[ 6836.  2616. 30822.  2823.   303.  1241.   801.]
computed 4/336
[ 9214.  2957. 41526.  3242.   306.  1417.   958.]
computed 5/336
[ 9214.  2957. 42924.  3242.   306.  1600.   959.]
computed 6/336
[ 9214.  4362. 54908.  4211.   308.  1785.   959.]
computed 7/336
[ 9214.  4362. 55728.  4679.   310.  2150.   959.]
computed 8/336
[ 9214.  4362. 55788.  4679.   310.  2431.   959.]
computed 9/336
[ 9674.  4783. 64934.  4787.   310.  2646.  1421.]
computed 10/336
[24373.  6325. 66940.  4825.   343.  2652.  1852.]
computed 11/336
[24667.  6433. 77271.  6218.   365.  2663.  1852.]
computed 12/336
[26336.  7102. 84156.  6381.   912.  3387.  2083.]
computed 13/336
[26536.  7102. 89796.  7102.   912.  3884.  2083.]
computed 14/336
[32850.  7385. 93558.  7102.   912.  4590.  2111.]
computed 15/336
[32850.  7385. 94388.  7166.   912.  5113.  2112.]
computed 16/336
[ 35785.   8049. 104830.   7175.   1311.   5225.   2403.]
computed 17/336
[ 40510.   8966. 111733.   7552.   1663.   5568.   2817.]
computed 18/336
[ 40955.   8966. 117644.   7563.   1663.   5957.   2817.]
computed 19/336
[ 43078.   8966. 117965.   7563.   1663.   5959.   2817.]
computed 20/336
[ 43926.   9988. 130985.   8245.   2345.   6083.   3526.]
computed 21/336
[ 43926.   9988. 134234.   8258.   2345.   6361.   3526.]
computed 22/336
[ 43927.   9988. 135029.   8688.   2345.   6524.   3526.]
computed 23/336
[ 45600.  10591. 138429.   8796.   2604.   6707.   4343.]
computed 24/336
[ 51831.  11045. 140715.   8930.   2606.   6818.   4345.]
computed 25/336
[ 69141.  12344. 147707.  10098.   3126.   7141.   4990.]
computed 26/336
[ 69141.  12344. 149853.  10422.   3126.   8079.   4990.]
computed 27/336
[ 69213.  12380. 153210.  10684.   3126.   8398.   4990.]
computed 28/336
[ 69213.  12380. 154101.  10887.   3131.   8537.   4990.]
computed 29/336
[ 69213.  12717. 169551.  12474.   3217.   8624.   4994.]
computed 30/336
[ 69213.  12717. 173198.  12591.   3217.   9298.   4994.]
computed 31/336
[ 69841.  12947. 177985.  12617.   3286.   9336.   4996.]
computed 32/336
[ 69841.  12948. 184248.  13040.   3334.   9399.   4996.]
computed 33/336
[ 69842.  13466. 189831.  15417.   3334.   9527.   5007.]
computed 34/336
[ 71525.  13474. 194682.  15488.   3334.   9703.   5248.]
computed 35/336
[ 71537.  13486. 196855.  16771.   3389.   9706.   5248.]
computed 36/336
[ 72080.  15604. 199775.  17109.   3670.   9706.   5248.]
computed 37/336
[ 72731.  15620. 202142.  17123.   3673.  10125.   5248.]
computed 38/336
[ 72797.  15755. 203985.  18457.   3673.  10158.   5248.]
computed 39/336
[ 82533.  18010. 211764.  19448.   3673.  10380.   5601.]
computed 40/336
[ 82553.  18036. 224885.  19507.   3900.  10422.   5735.]
computed 41/336
[ 82553.  18036. 228527.  19638.   3900.  11042.   5745.]
computed 42/336
[ 83614.  18040. 237159.  19793.   3900.  11701.   5768.]
computed 43/336
[ 86680.  18718. 241194.  21214.   4071.  12115.   6093.]
computed 44/336
[ 87612.  19483. 246342.  22314.   4071.  12222.   6109.]
computed 45/336
[ 90751.  19940. 253794.  23201.   4276.  12279.   6591.]
computed 46/336
[ 90751.  19940. 254883.  23395.   4301.  12734.   6591.]
computed 47/336
[ 96202.  20111. 259254.  23396.   4419.  13700.   6878.]
computed 48/336
[ 96208.  20121. 261178.  23396.   4419.  13700.   6892.]
computed 49/336
[ 98132.  20780. 267461.  23815.   4494.  13703.   7007.]
computed 50/336
[ 99945.  21175. 272668.  24658.   4494.  13748.   7124.]
computed 51/336
[ 99999.  23776. 280916.  25782.   4505.  13892.   7631.]
computed 52/336
[ 99999.  23778. 289981.  25996.   4535.  14081.   7635.]
computed 53/336
[100586.  23788. 298565.  26012.   4819.  14649.   7992.]
computed 54/336
[104540.  24272. 303538.  26143.   4819.  15303.   8398.]
computed 55/336
[104541.  24272. 306900.  27002.   4821.  16059.   8398.]
computed 56/336
[105474.  24734. 320492.  27255.   4821.  16285.   8926.]
computed 57/336
[105474.  25262. 336903.  28639.   4928.  16310.   8926.]
computed 58/336
[105474.  25262. 338300.  28680.   4928.  17194.   8927.]
computed 59/336
[107423.  26195. 340787.  28706.   4932.  17194.   8927.]
computed 60/336
[107428.  26211. 354946.  29681.   4932.  17337.   8927.]
computed 61/336
[137124.  27904. 356039.  29682.   4932.  17678.   9278.]
computed 62/336
[160500.  28349. 358839.  30225.   4932.  18199.   9303.]
computed 63/336
[168395.  29085. 363936.  31208.   4932.  19262.   9551.]
computed 64/336
[168395.  29085. 365195.  31697.   4932.  19268.   9553.]
computed 65/336
[171354.  30388. 368742.  31720.   4945.  19805.  10945.]
computed 66/336
[171354.  30388. 370629.  33284.   4968.  19836.  10947.]
computed 67/336
[176328.  31644. 381195.  33939.   4972.  20115.  11339.]
computed 68/336
[180589.  33910. 387210.  35563.   4972.  20619.  11604.]
computed 69/336
[180589.  33920. 390165.  36082.   4976.  20619.  11604.]
computed 70/336
[185278.  34135. 401460.  36682.   5127.  21170.  15527.]
computed 71/336
[191279.  34221. 408083.  37847.   5365.  21458.  16738.]
computed 72/336
[191279.  34221. 412024.  40302.   5371.  21502.  16738.]
computed 73/336
[200140.  34313. 416364.  41200.   5381.  21582.  17146.]
computed 74/336
[200439.  34313. 421420.  41229.   6006.  22106.  17158.]
computed 75/336
[200592.  34487. 424930.  41697.   6262.  22218.  17670.]
computed 76/336
[204205.  35155. 426971.  41739.   6977.  22361.  17670.]
computed 77/336
[204205.  35155. 427717.  41750.   6984.  22546.  17670.]
computed 78/336
[204332.  35155. 429513.  41931.   6984.  22964.  17671.]
computed 79/336
[204332.  35155. 433448.  42855.   8014.  23618.  17671.]
computed 80/336
[206180.  36184. 441278.  43457.   8014.  23618.  18880.]
computed 81/336
[207837.  36290. 441417.  43457.   8014.  23618.  18880.]
computed 82/336
[212060.  37269. 452821.  44126.   8574.  23838.  20433.]
computed 83/336
[212085.  37269. 457009.  44137.   8574.  24078.  20500.]
computed 84/336
[212759.  37278. 460321.  44159.   8574.  24096.  21191.]
computed 85/336
[214381.  38005. 464450.  44224.   8574.  24096.  22954.]
computed 86/336
[218642.  38212. 476207.  44686.   9692.  24575.  24385.]
computed 87/336
[224032.  38513. 485248.  44898.   9696.  25548.  26284.]
computed 88/336
[225086.  39420. 491043.  44913.   9696.  25785.  27084.]
computed 89/336
[225754.  39702. 500484.  45831.   9696.  25785.  27084.]
computed 90/336
[225853.  39702. 501564.  45866.   9696.  26678.  27084.]
computed 91/336
[226662.  41047. 505697.  46159.   9708.  26723.  27513.]
computed 92/336
[230575.  42003. 512935.  46977.  10226.  26944.  27996.]
computed 93/336
[230596.  42003. 514427.  47003.  10226.  27292.  28103.]
computed 94/336
[235056.  42825. 525748.  47741.  10228.  27379.  28541.]
computed 95/336
[235056.  42825. 534688.  52581.  10247.  27542.  28541.]
computed 96/336
[241012.  44636. 535045.  52582.  10248.  27749.  28559.]
computed 97/336
[241159.  44708. 539879.  52732.  10248.  27921.  28559.]
computed 98/336
[241159.  44946. 548622.  52903.  10342.  27978.  28559.]
computed 99/336
[241308.  44983. 563197.  56128.  10444.  28330.  28565.]
computed 100/336
[243217.  45414. 568862.  56612.  10444.  28567.  29249.]
computed 101/336
[244852.  46541. 582559.  56886.  10444.  28926.  30605.]
computed 102/336
[246391.  46641. 594393.  57520.  11646.  29151.  31370.]
computed 103/336
[248282.  46810. 601044.  57883.  11646.  29277.  31545.]
computed 104/336
[248298.  46810. 603037.  57884.  11646.  29277.  31545.]
computed 105/336
[248298.  47214. 618854.  59179.  12157.  29277.  31549.]
computed 106/336
[250785.  48349. 628497.  59471.  12157.  29340.  31560.]
computed 107/336
[250785.  48356. 633873.  61275.  12172.  29455.  31560.]
computed 108/336
[254232.  48661. 643220.  62000.  12188.  29595.  32176.]
computed 109/336
[254232.  48835. 650239.  63200.  12570.  29595.  32190.]
computed 110/336
[257035.  48839. 659951.  63232.  12597.  30168.  32751.]
computed 111/336
[257072.  49124. 665445.  63360.  12597.  30257.  32850.]
computed 112/336
[257077.  49124. 677713.  63906.  12597.  30772.  33050.]
computed 113/336
[257081.  49126. 681743.  66129.  12715.  30810.  33087.]
computed 114/336
[257083.  50269. 689127.  66834.  12818.  30989.  33087.]
computed 115/336
[257085.  50269. 689958.  67112.  12818.  31442.  33087.]
computed 116/336
[258520.  50269. 693252.  67121.  12842.  31661.  34630.]
computed 117/336
[258690.  50269. 695191.  68236.  12845.  32334.  34630.]
computed 118/336
[259897.  51165. 699343.  68259.  12846.  32731.  37136.]
computed 119/336
[261187.  51167. 705655.  68260.  13059.  32910.  37428.]
computed 120/336
[261414.  51167. 705865.  68260.  13059.  32910.  37433.]
computed 121/336
[262976.  52313. 708857.  68298.  13059.  33023.  37823.]
computed 122/336
[266168.  55987. 716618.  69569.  13059.  33442.  38627.]
computed 123/336
[266670.  55992. 723026.  69723.  13059.  33444.  38790.]
computed 124/336
[268375.  56561. 727321.  70102.  13617.  33488.  38910.]
computed 125/336
[268625.  56634. 738508.  70104.  13617.  34191.  39011.]
computed 126/336
[268625.  56634. 739348.  70200.  13619.  34259.  39011.]
computed 127/336
[270945.  58275. 739871.  70246.  13619.  34386.  39011.]
computed 128/336
[270987.  58456. 746794.  70669.  13632.  34889.  39015.]
computed 129/336
[271776.  58670. 754667.  71104.  13632.  35139.  39331.]
computed 130/336
[276723.  58792. 756540.  71217.  13632.  35531.  39452.]
computed 131/336
[276736.  58792. 758835.  71252.  13632.  36055.  39653.]
computed 132/336
[276736.  58954. 765914.  72031.  13704.  36057.  39665.]
computed 133/336
[276736.  58954. 767240.  72059.  13710.  36682.  39665.]
computed 134/336
[276940.  58954. 771948.  72064.  14874.  36994.  41788.]
computed 135/336
[276967.  58954. 772812.  75899.  14894.  37191.  41791.]
computed 136/336
[277153.  59351. 786221.  76157.  14894.  37519.  41807.]
computed 137/336
[277296.  59470. 791893.  76157.  14894.  37771.  41880.]
computed 138/336
[280382.  59683. 802677.  76621.  14895.  37859.  42569.]
computed 139/336
[280382.  59688. 810632.  78957.  14895.  37893.  42574.]
computed 140/336
[286148.  61578. 817888.  79049.  15354.  37930.  44945.]
computed 141/336
[296568.  62543. 823553.  79954.  15654.  37930.  45139.]
computed 142/336
[296568.  62882. 837665.  82112.  15698.  38309.  45139.]
computed 143/336
[301586.  63314. 844884.  82204.  15698.  39055.  45139.]
computed 144/336
[301599.  63850. 858143.  82816.  17105.  39067.  45139.]
computed 145/336
[302969.  64276. 865212.  84213.  18737.  39345.  45629.]
computed 146/336
[304367.  64628. 879266.  84847.  19738.  39387.  46733.]
computed 147/336
[307243.  64714. 885615.  86153.  19962.  40390.  47209.]
computed 148/336
[308037.  66375. 898434.  87109.  19962.  40521.  48609.]
computed 149/336
[309526.  68482. 904524.  87637.  19962.  40633.  50011.]
computed 150/336
[311425.  68915. 911043.  88865.  19962.  41275.  50620.]
computed 151/336
[313619.  69023. 914069.  88964.  19962.  41352.  50626.]
computed 152/336
[313619.  69198. 918657.  89378.  19963.  41449.  50647.]
computed 153/336
[319007.  69308. 924127.  89902.  19984.  42144.  51408.]
computed 154/336
[323833.  69500. 933989.  89977.  19984.  42389.  51948.]
computed 155/336
[323833.  69540. 946325.  91532.  20132.  42680.  51948.]
computed 156/336
[326817.  69975. 951609.  91558.  20132.  43034.  51948.]
computed 157/336
[326817.  69975. 951626.  91558.  20132.  43036.  51948.]
computed 158/336
[326951.  70655. 965440.  91803.  21368.  43315.  52121.]
computed 159/336
[330540.  71578. 969921.  91827.  21543.  44545.  53403.]
computed 160/336
[330545.  71578. 973309.  91869.  21543.  44887.  53403.]
computed 161/336
[330612.  72318. 979612.  92748.  21559.  45519.  53403.]
computed 162/336
[330612.  72380. 983090.  92768.  21559.  45969.  53403.]
computed 163/336
[336946.  74328. 991539.  94673.  21559.  46142.  53752.]
computed 164/336
[337577.  74762. 998439.  94897.  21766.  46155.  53752.]
computed 165/336
[ 338204.   74810. 1006741.   94897.   21767.   46467.   53754.]
computed 166/336
[ 338376.   75086. 1007997.   94897.   21767.   46663.   55861.]
computed 167/336
[ 338376.   75104. 1020865.   98972.   21866.   46785.   55861.]
computed 168/336
[ 355715.   75892. 1024682.   98975.   21866.   47357.   56299.]
computed 169/336
[ 356162.   76428. 1027824.   99120.   21878.   47496.   56299.]
computed 170/336
[ 361411.   76648. 1035849.  100742.   21878.   47748.   56651.]
computed 171/336
[ 361411.   76648. 1036421.  100795.   21878.   48198.   56890.]
computed 172/336
[ 362045.   76807. 1038468.  100814.   21878.   48209.   56890.]
computed 173/336
[ 362093.   76808. 1041077.  101169.   21886.   48544.   56893.]
computed 174/336
[ 367975.   77493. 1048117.  101186.   22134.   48690.   57297.]
computed 175/336
[ 369473.   78450. 1050554.  101864.   22384.   48889.   58300.]
computed 176/336
[ 369473.   78453. 1051725.  102236.   22384.   49866.   58300.]
computed 177/336
[ 371243.   79880. 1066650.  102354.   22558.   49870.   58572.]
computed 178/336
[ 371840.   79922. 1072913.  102364.   22558.   49913.   58720.]
computed 179/336
[ 372112.   80726. 1076368.  102382.   22572.   49933.   58720.]
computed 180/336
[ 372112.   80840. 1090345.  104872.   22716.   50239.   58720.]
computed 181/336
[ 374675.   81334. 1098021.  104978.   22735.   50605.   59108.]
computed 182/336
[ 376678.   81858. 1101741.  104984.   22736.   51034.   59264.]
computed 183/336
[ 377854.   82196. 1107365.  105126.   22737.   51042.   59264.]
computed 184/336
[ 378027.   82356. 1116651.  106151.   22740.   51212.   59264.]
computed 185/336
[ 378038.   82359. 1122226.  107955.   22740.   51390.   59270.]
computed 186/336
[ 378038.   82359. 1123255.  108055.   22748.   52201.   59270.]
computed 187/336
[ 380743.   83436. 1128601.  108119.   23005.   52676.   60074.]
computed 188/336
[ 381088.   83497. 1134030.  108265.   23017.   52710.   60714.]
computed 189/336
[ 382721.   83688. 1143121.  108614.   23022.   53053.   60980.]
computed 190/336
[ 382724.   83708. 1145147.  109873.   23022.   53079.   60993.]
computed 191/336
[ 393114.   83928. 1151661.  109933.   23022.   53212.   61314.]
computed 192/336
[ 393114.   84041. 1168726.  111096.   23022.   53498.   61321.]
computed 193/336
[ 393114.   84041. 1169548.  111307.   23022.   53869.   61321.]
computed 194/336
[ 424182.   84321. 1172560.  111332.   23023.   53869.   61653.]
computed 195/336
[ 424182.   84321. 1175431.  113901.   23023.   54150.   61653.]
computed 196/336
[ 425094.   85632. 1178161.  114037.   23023.   54150.   61653.]
computed 197/336
[ 425118.   85909. 1188269.  114636.   23090.   54571.   61653.]
computed 198/336
[ 433811.   89229. 1194783.  116334.   23090.   55421.   62202.]
computed 199/336
[ 433811.   89229. 1195506.  116334.   23090.   55635.   62202.]
computed 200/336
[ 435818.   91661. 1198506.  116759.   23104.   55635.   62488.]
computed 201/336
[ 436236.   91982. 1210085.  117066.   23105.   55754.   62652.]
computed 202/336
[ 455061.   94569. 1215353.  117104.   23105.   56845.   62684.]
computed 203/336
[ 456391.   95209. 1222714.  117449.   23106.   56845.   62684.]
computed 204/336
[ 458585.   95213. 1228221.  117477.   23106.   56845.   62916.]
computed 205/336
[ 458718.   95213. 1230436.  117646.   23106.   57647.   62916.]
computed 206/336
[ 460338.   95851. 1232838.  117961.   23763.   58162.   65160.]
computed 207/336
[ 472866.   98059. 1238977.  119522.   24036.   59007.   65160.]
computed 208/336
[ 472866.   98467. 1247546.  120597.   24090.   59007.   65170.]
computed 209/336
[ 475386.   98786. 1253368.  120604.   24102.   59389.   66968.]
computed 210/336
[ 475386.   98787. 1253581.  120604.   24102.   59389.   66968.]
computed 211/336
[ 476325.   99215. 1255880.  120958.   24297.   59404.   66968.]
computed 212/336
[ 484928.   99848. 1261404.  121290.   25486.   59463.   67618.]
computed 213/336
[ 484928.  100299. 1264301.  121471.   25486.   59806.   67618.]
computed 214/336
[ 485303.  100557. 1274862.  122623.   25545.   60013.   67618.]
computed 215/336
[ 485303.  100557. 1285374.  124150.   25567.   60188.   67618.]
computed 216/336
[ 494376.  102912. 1298972.  124388.   25673.   60755.   68294.]
computed 217/336
[ 494516.  102912. 1311269.  124643.   25673.   61212.   68295.]
computed 218/336
[ 496056.  103219. 1319744.  125318.   25918.   61220.   68530.]
computed 219/336
[ 496068.  103219. 1322984.  125326.   25918.   61377.   68533.]
computed 220/336
[ 496396.  103448. 1330184.  125933.   25918.   61379.   68533.]
computed 221/336
[ 496396.  103448. 1332629.  127827.   25960.   61958.   68533.]
computed 222/336
[ 496396.  103448. 1333261.  127827.   25960.   62269.   68551.]
computed 223/336
[ 499158.  105505. 1340388.  128700.   25968.   62269.   71258.]
computed 224/336
[ 499158.  105506. 1346615.  129138.   25968.   62576.   71258.]
computed 225/336
[ 499158.  105730. 1349564.  129162.   25968.   63778.   71258.]
computed 226/336
[ 499158.  105765. 1349808.  129162.   25968.   63936.   71258.]
computed 227/336
[ 500912.  105970. 1367590.  129864.   25970.   64269.   71728.]
computed 228/336
[ 500912.  105970. 1368073.  129864.   25970.   64328.   71845.]
computed 229/336
[ 501498.  105972. 1369673.  129867.   25970.   64639.   71989.]
computed 230/336
[ 501961.  106596. 1378117.  130137.   25970.   64732.   71989.]
computed 231/336
[ 506827.  108088. 1389653.  130149.   25975.   65078.   71989.]
computed 232/336
[ 506828.  108088. 1391608.  131072.   26193.   66113.   71990.]
computed 233/336
[ 506850.  108313. 1396542.  131524.   26194.   66124.   72582.]
computed 234/336
[ 523097.  110138. 1400669.  131666.   26237.   66825.   72884.]
computed 235/336
[ 523097.  110163. 1405088.  135705.   26290.   66913.   72915.]
computed 236/336
[ 523097.  110163. 1406042.  135726.   26290.   67216.   72919.]
computed 237/336
[ 538358.  110843. 1415289.  137067.   26290.   67372.   73499.]
computed 238/336
[ 538376.  110843. 1415739.  137072.   26290.   67525.   73507.]
computed 239/336
[ 538511.  110895. 1424526.  137191.   26294.   67624.   73523.]
computed 240/336
[ 542591.  111780. 1430800.  137675.   26412.   68199.   76304.]
computed 241/336
[ 552789.  114038. 1436797.  138558.   27188.   68284.   77042.]
computed 242/336
[ 556163.  114641. 1441802.  138573.   27188.   68289.   77413.]
computed 243/336
[ 556168.  114682. 1449138.  138798.   27219.   68438.   77453.]
computed 244/336
[ 557358.  116006. 1463548.  138802.   27436.   68498.   77716.]
computed 245/336
[ 557387.  116006. 1464816.  138854.   27565.   68952.   77716.]
computed 246/336
[ 557845.  116006. 1472329.  138861.   27565.   69502.   78138.]
computed 247/336
[ 559775.  116621. 1479194.  139202.   28587.   69676.   78742.]
computed 248/336
[ 559783.  116676. 1487685.  139947.   28587.   69864.   78743.]
computed 249/336
[ 560145.  117791. 1493406.  140430.   28675.   70062.   81285.]
computed 250/336
[ 567334.  119116. 1496767.  140430.   28675.   70251.   81285.]
computed 251/336
[ 567424.  119153. 1513845.  140834.   28801.   70473.   81424.]
computed 252/336
[ 570718.  119536. 1516355.  140855.   28801.   70820.   81424.]
computed 253/336
[ 574914.  119561. 1528111.  141457.   29122.   71512.   81940.]
computed 254/336
[ 574953.  119601. 1538599.  143457.   29236.   71819.   81940.]
computed 255/336
[ 582101.  119896. 1542402.  143582.   29426.   72082.   82252.]
computed 256/336
[ 582259.  119919. 1543717.  143582.   29683.   72082.   82252.]
computed 257/336
[ 584673.  120182. 1546738.  143770.   29803.   72156.   82354.]
computed 258/336
[ 585968.  120189. 1552634.  143770.   29803.   72239.   82354.]
computed 259/336
[ 609543.  122792. 1558501.  143903.   29810.   72530.   82685.]
computed 260/336
[ 610032.  122792. 1562760.  144218.   30012.   73035.   82687.]
computed 261/336
[ 620248.  123377. 1567929.  144558.   30012.   73074.   83120.]
computed 262/336
[ 621206.  124128. 1572070.  144685.   30012.   73267.   83123.]
computed 263/336
[ 626008.  127190. 1580135.  145266.   30903.   73267.   85855.]
computed 264/336
[ 627474.  127953. 1581690.  145975.   30903.   73388.   85860.]
computed 265/336
[ 628280.  128812. 1591799.  146424.   31438.   73588.   87093.]
computed 266/336
[ 628280.  128812. 1593576.  147010.   31445.   73921.   87093.]
computed 267/336
[ 638249.  128859. 1598583.  147516.   31526.   74060.   87938.]
computed 268/336
[ 639080.  128866. 1603924.  147887.   31532.   74520.   88834.]
computed 269/336
[ 640398.  128880. 1608415.  147887.   31532.   74972.   88834.]
computed 270/336
[ 641782.  130595. 1621764.  150247.   31600.   75079.   89140.]
computed 271/336
[ 641782.  130595. 1622484.  150320.   31600.   75591.   89140.]
computed 272/336
[ 641782.  130908. 1635176.  152327.   31601.   76125.   89187.]
computed 273/336
[ 644192.  131296. 1636353.  152362.   32103.   76125.   89187.]
computed 274/336
[ 644192.  131307. 1645967.  154643.   32103.   76331.   89196.]
computed 275/336
[ 651524.  131484. 1649475.  156034.   32103.   76852.   92314.]
computed 276/336
[ 651524.  131642. 1658461.  157061.   32164.   76852.   92314.]
computed 277/336
[ 651843.  131873. 1662399.  157173.   32164.   77471.   95728.]
computed 278/336
[ 651843.  132288. 1674239.  158101.   32164.   77623.   95728.]
computed 279/336
[ 651989.  132288. 1682927.  158650.   32166.   78402.   95733.]
computed 280/336
[ 651991.  132288. 1683858.  158984.   32166.   79297.   95733.]
computed 281/336
[ 655937.  136028. 1692750.  159590.   32436.   79621.   97026.]
computed 282/336
[ 657531.  136157. 1698741.  159602.   32436.   79771.   97238.]
computed 283/336
[ 658486.  136848. 1709537.  159855.   32830.   79896.   97246.]
computed 284/336
[ 658486.  137188. 1722090.  164124.   32904.   80003.   97249.]
computed 285/336
[ 658763.  137401. 1727768.  164480.   33133.   80038.   97341.]
computed 286/336
[ 667818.  137925. 1736390.  165986.   33713.   80285.   99089.]
computed 287/336
[ 667819.  137925. 1737165.  166280.   33713.   80506.   99111.]
computed 288/336
[ 669528.  138351. 1747971.  166646.   33713.   80747.   99180.]
computed 289/336
[ 669564.  138884. 1758353.  168057.   33755.   81139.   99180.]
computed 290/336
[ 669566.  138884. 1760223.  168628.   33904.   81444.   99180.]
computed 291/336
[ 677739.  139919. 1762306.  168760.   33904.   81686.  101961.]
computed 292/336
[ 677761.  139919. 1768552.  168772.   33904.   81706.  103403.]
computed 293/336
[ 679110.  141995. 1779270.  168820.   33948.   81741.  105109.]
computed 294/336
[ 681067.  143460. 1788308.  168834.   33948.   81741.  105109.]
computed 295/336
[ 681067.  143460. 1788880.  168854.   33948.   82333.  105112.]
computed 296/336
[ 695654.  145931. 1794305.  169434.   33948.   82454.  105518.]
computed 297/336
[ 695882.  146127. 1800852.  169635.   34399.   82673.  107871.]
computed 298/336
[ 695884.  146289. 1806693.  170466.   34399.   82849.  107871.]
computed 299/336
[ 695884.  146683. 1814174.  171313.   34399.   83254.  107929.]
computed 300/336
[ 697175.  147443. 1816879.  171585.   34399.   83312.  107929.]
computed 301/336
[ 703862.  149504. 1821529.  172494.   34399.   83964.  107946.]
computed 302/336
[ 703913.  149690. 1831562.  173830.   34400.   84002.  108229.]
computed 303/336
[ 703913.  149690. 1832794.  173972.   34400.   84301.  108229.]
computed 304/336
[ 724051.  149906. 1834005.  173979.   34400.   84435.  109274.]
computed 305/336
[ 727715.  150273. 1847806.  174063.   34409.   84625.  109274.]
computed 306/336
[ 728352.  150309. 1858400.  174073.   34409.   85091.  109394.]
computed 307/336
[ 731271.  150781. 1860053.  174073.   34409.   85474.  110540.]
computed 308/336
[ 731271.  150781. 1860890.  174265.   34409.   85555.  110540.]
computed 309/336
[ 739857.  151914. 1866562.  174268.   34409.   85791.  112523.]
computed 310/336
[ 739857.  151978. 1870039.  174268.   34409.   85791.  112523.]
computed 311/336
[ 740757.  152161. 1873701.  175957.   34409.   85791.  112536.]
computed 312/336
[ 740758.  152173. 1887227.  177490.   34409.   85914.  112537.]
computed 313/336
[ 741850.  152173. 1890310.  177490.   34409.   85938.  112552.]
computed 314/336
[ 746121.  153870. 1897432.  178735.   34691.   86025.  113516.]
computed 315/336
[ 746802.  154426. 1901931.  178735.   35365.   86168.  113866.]
computed 316/336
[ 746924.  154711. 1904171.  179308.   35373.   86684.  113878.]
computed 317/336
[ 750740.  154820. 1904569.  179360.   35380.   86684.  113878.]
computed 318/336
[ 753713.  154820. 1909349.  179871.   35380.   87179.  114254.]
computed 319/336
[ 753731.  159666. 1926789.  180142.   35852.   87278.  114256.]
computed 320/336
[ 753738.  159666. 1927107.  180142.   35852.   87278.  114256.]
computed 321/336
[ 761412.  160647. 1929113.  181045.   35952.   87473.  118183.]
computed 322/336
[ 764140.  160701. 1943434.  181146.   36040.   87473.  118668.]
computed 323/336
[ 765927.  161816. 1945467.  181339.   36040.   87473.  119205.]
computed 324/336
[ 783796.  162739. 1951861.  181363.   36040.   87731.  122015.]
computed 325/336
[ 786435.  162932. 1958905.  181622.   36146.   88184.  122775.]
computed 326/336
[ 791070.  163355. 1960694.  181643.   36146.   88326.  123226.]
computed 327/336
[ 797707.  163835. 1972349.  181656.   36146.   89068.  124704.]
computed 328/336
[ 798353.  163845. 1979021.  181727.   36367.   89351.  125032.]
computed 329/336
[ 798439.  164158. 1985159.  181728.   36367.   89407.  125853.]
computed 330/336
[ 802177.  164729. 1995305.  181754.   36490.   89911.  126868.]
computed 331/336
[ 803563.  165154. 1998916.  182851.   36490.   89974.  127627.]
computed 332/336
[ 811791.  165705. 2003088.  182862.   36490.   90323.  128067.]
computed 333/336
[ 818558.  166983. 2012940.  183657.   37260.   91296.  129324.]
computed 334/336
[ 818785.  166983. 2016134.  183752.   37262.   91679.  129504.]
computed 335/336
[ 819435.  167283. 2022962.  183786.   37450.   91796.  129689.]
final train 
[ 819435.  167283. 2022962.  183786.   37450.   91796.  129689.]
computed 0/128
[ 650.  300. 6828.   34.  188.  117.  185.]
computed 1/128
[ 1300.   600. 13656.    68.   376.   234.   370.]
computed 2/128
[ 1950.   900. 20484.   102.   564.   351.   555.]
computed 3/128
[ 2600.  1200. 27312.   136.   752.   468.   740.]
computed 4/128
[ 3250.  1500. 34140.   170.   940.   585.   925.]
computed 5/128
[ 3900.  1800. 40968.   204.  1128.   702.  1110.]
computed 6/128
[ 4550.  2100. 47796.   238.  1316.   819.  1295.]
computed 7/128
[ 5200.  2400. 54624.   272.  1504.   936.  1480.]
computed 8/128
[ 5850.  2700. 61452.   306.  1692.  1053.  1665.]
computed 9/128
[ 6500.  3000. 68280.   340.  1880.  1170.  1850.]
computed 10/128
[ 7150.  3300. 75108.   374.  2068.  1287.  2035.]
computed 11/128
[ 7800.  3600. 81936.   408.  2256.  1404.  2220.]
computed 12/128
[ 8450.  3900. 88764.   442.  2444.  1521.  2405.]
computed 13/128
[ 9100.  4200. 95592.   476.  2632.  1638.  2590.]
computed 14/128
[  9750.   4500. 102420.    510.   2820.   1755.   2775.]
computed 15/128
[ 10400.   4800. 109248.    544.   3008.   1872.   2960.]
computed 16/128
[ 11050.   5100. 116076.    578.   3196.   1989.   3145.]
computed 17/128
[ 11700.   5400. 122904.    612.   3384.   2106.   3330.]
computed 18/128
[ 12350.   5700. 129732.    646.   3572.   2223.   3515.]
computed 19/128
[ 13000.   6000. 136560.    680.   3760.   2340.   3700.]
computed 20/128
[ 13650.   6300. 143388.    714.   3948.   2457.   3885.]
computed 21/128
[ 14300.   6600. 150216.    748.   4136.   2574.   4070.]
computed 22/128
[ 14950.   6900. 157044.    782.   4324.   2691.   4255.]
computed 23/128
[ 15600.   7200. 163872.    816.   4512.   2808.   4440.]
computed 24/128
[ 16250.   7500. 170700.    850.   4700.   2925.   4625.]
computed 25/128
[ 16900.   7800. 177528.    884.   4888.   3042.   4810.]
computed 26/128
[ 17550.   8100. 184356.    918.   5076.   3159.   4995.]
computed 27/128
[ 18200.   8400. 191184.    952.   5264.   3276.   5180.]
computed 28/128
[ 18850.   8700. 198012.    986.   5452.   3393.   5365.]
computed 29/128
[ 19500.   9000. 204840.   1020.   5640.   3510.   5550.]
computed 30/128
[ 20150.   9300. 211668.   1054.   5828.   3627.   5735.]
computed 31/128
[ 20800.   9600. 218496.   1088.   6016.   3744.   5920.]
computed 32/128
[ 21450.   9900. 225324.   1122.   6204.   3861.   6105.]
computed 33/128
[ 22100.  10200. 232152.   1156.   6392.   3978.   6290.]
computed 34/128
[ 22750.  10500. 238980.   1190.   6580.   4095.   6475.]
computed 35/128
[ 23400.  10800. 245808.   1224.   6768.   4212.   6660.]
computed 36/128
[ 24050.  11100. 252636.   1258.   6956.   4329.   6845.]
computed 37/128
[ 24700.  11400. 259464.   1292.   7144.   4446.   7030.]
computed 38/128
[ 25350.  11700. 266292.   1326.   7332.   4563.   7215.]
computed 39/128
[ 26000.  12000. 273120.   1360.   7520.   4680.   7400.]
computed 40/128
[ 26650.  12300. 279948.   1394.   7708.   4797.   7585.]
computed 41/128
[ 27300.  12600. 286776.   1428.   7896.   4914.   7770.]
computed 42/128
[ 27950.  12900. 293604.   1462.   8084.   5031.   7955.]
computed 43/128
[ 28600.  13200. 300432.   1496.   8272.   5148.   8140.]
computed 44/128
[ 29250.  13500. 307260.   1530.   8460.   5265.   8325.]
computed 45/128
[ 29900.  13800. 314088.   1564.   8648.   5382.   8510.]
computed 46/128
[ 30550.  14100. 320916.   1598.   8836.   5499.   8695.]
computed 47/128
[ 31200.  14400. 327744.   1632.   9024.   5616.   8880.]
computed 48/128
[ 31850.  14700. 334572.   1666.   9212.   5733.   9065.]
computed 49/128
[ 32500.  15000. 341400.   1700.   9400.   5850.   9250.]
computed 50/128
[ 33150.  15300. 348228.   1734.   9588.   5967.   9435.]
computed 51/128
[ 33800.  15600. 355056.   1768.   9776.   6084.   9620.]
computed 52/128
[ 34450.  15900. 361884.   1802.   9964.   6201.   9805.]
computed 53/128
[ 35100.  16200. 368712.   1836.  10152.   6318.   9990.]
computed 54/128
[ 35750.  16500. 375540.   1870.  10340.   6435.  10175.]
computed 55/128
[ 36400.  16800. 382368.   1904.  10528.   6552.  10360.]
computed 56/128
[ 37050.  17100. 389196.   1938.  10716.   6669.  10545.]
computed 57/128
[ 37700.  17400. 396024.   1972.  10904.   6786.  10730.]
computed 58/128
[ 38350.  17700. 402852.   2006.  11092.   6903.  10915.]
computed 59/128
[ 39000.  18000. 409680.   2040.  11280.   7020.  11100.]
computed 60/128
[ 39650.  18300. 416508.   2074.  11468.   7137.  11285.]
computed 61/128
[ 40300.  18600. 423336.   2108.  11656.   7254.  11470.]
computed 62/128
[ 40950.  18900. 430164.   2142.  11844.   7371.  11655.]
computed 63/128
[ 41600.  19200. 436992.   2176.  12032.   7488.  11840.]
computed 64/128
[ 42250.  19500. 443820.   2210.  12220.   7605.  12025.]
computed 65/128
[ 42900.  19800. 450648.   2244.  12408.   7722.  12210.]
computed 66/128
[ 43550.  20100. 457476.   2278.  12596.   7839.  12395.]
computed 67/128
[ 44200.  20400. 464304.   2312.  12784.   7956.  12580.]
computed 68/128
[ 44850.  20700. 471132.   2346.  12972.   8073.  12765.]
computed 69/128
[ 45500.  21000. 477960.   2380.  13160.   8190.  12950.]
computed 70/128
[ 46150.  21300. 484788.   2414.  13348.   8307.  13135.]
computed 71/128
[ 46800.  21600. 491616.   2448.  13536.   8424.  13320.]
computed 72/128
[ 47450.  21900. 498444.   2482.  13724.   8541.  13505.]
computed 73/128
[ 48100.  22200. 505272.   2516.  13912.   8658.  13690.]
computed 74/128
[ 48750.  22500. 512100.   2550.  14100.   8775.  13875.]
computed 75/128
[ 49400.  22800. 518928.   2584.  14288.   8892.  14060.]
computed 76/128
[ 50050.  23100. 525756.   2618.  14476.   9009.  14245.]
computed 77/128
[ 50700.  23400. 532584.   2652.  14664.   9126.  14430.]
computed 78/128
[ 51350.  23700. 539412.   2686.  14852.   9243.  14615.]
computed 79/128
[ 52000.  24000. 546240.   2720.  15040.   9360.  14800.]
computed 80/128
[ 52650.  24300. 553068.   2754.  15228.   9477.  14985.]
computed 81/128
[ 53300.  24600. 559896.   2788.  15416.   9594.  15170.]
computed 82/128
[ 53950.  24900. 566724.   2822.  15604.   9711.  15355.]
computed 83/128
[ 54600.  25200. 573552.   2856.  15792.   9828.  15540.]
computed 84/128
[ 55250.  25500. 580380.   2890.  15980.   9945.  15725.]
computed 85/128
[ 55900.  25800. 587208.   2924.  16168.  10062.  15910.]
computed 86/128
[ 56550.  26100. 594036.   2958.  16356.  10179.  16095.]
computed 87/128
[ 57200.  26400. 600864.   2992.  16544.  10296.  16280.]
computed 88/128
[ 57850.  26700. 607692.   3026.  16732.  10413.  16465.]
computed 89/128
[ 58500.  27000. 614520.   3060.  16920.  10530.  16650.]
computed 90/128
[ 59150.  27300. 621348.   3094.  17108.  10647.  16835.]
computed 91/128
[ 59800.  27600. 628176.   3128.  17296.  10764.  17020.]
computed 92/128
[ 60450.  27900. 635004.   3162.  17484.  10881.  17205.]
computed 93/128
[ 61100.  28200. 641832.   3196.  17672.  10998.  17390.]
computed 94/128
[ 61750.  28500. 648660.   3230.  17860.  11115.  17575.]
computed 95/128
[ 62400.  28800. 655488.   3264.  18048.  11232.  17760.]
computed 96/128
[ 63050.  29100. 662316.   3298.  18236.  11349.  17945.]
computed 97/128
[ 63700.  29400. 669144.   3332.  18424.  11466.  18130.]
computed 98/128
[ 64350.  29700. 675972.   3366.  18612.  11583.  18315.]
computed 99/128
[ 65000.  30000. 682800.   3400.  18800.  11700.  18500.]
computed 100/128
[ 65650.  30300. 689628.   3434.  18988.  11817.  18685.]
computed 101/128
[ 66300.  30600. 696456.   3468.  19176.  11934.  18870.]
computed 102/128
[ 66950.  30900. 703284.   3502.  19364.  12051.  19055.]
computed 103/128
[ 67600.  31200. 710112.   3536.  19552.  12168.  19240.]
computed 104/128
[ 68250.  31500. 716940.   3570.  19740.  12285.  19425.]
computed 105/128
[ 68900.  31800. 723768.   3604.  19928.  12402.  19610.]
computed 106/128
[ 69550.  32100. 730596.   3638.  20116.  12519.  19795.]
computed 107/128
[ 70200.  32400. 737424.   3672.  20304.  12636.  19980.]
computed 108/128
[ 70850.  32700. 744252.   3706.  20492.  12753.  20165.]
computed 109/128
[ 71500.  33000. 751080.   3740.  20680.  12870.  20350.]
computed 110/128
[ 72150.  33300. 757908.   3774.  20868.  12987.  20535.]
computed 111/128
[ 72800.  33600. 764736.   3808.  21056.  13104.  20720.]
computed 112/128
[ 73450.  33900. 771564.   3842.  21244.  13221.  20905.]
computed 113/128
[ 74100.  34200. 778392.   3876.  21432.  13338.  21090.]
computed 114/128
[ 74750.  34500. 785220.   3910.  21620.  13455.  21275.]
computed 115/128
[ 75400.  34800. 792048.   3944.  21808.  13572.  21460.]
computed 116/128
[ 76050.  35100. 798876.   3978.  21996.  13689.  21645.]
computed 117/128
[ 76700.  35400. 805704.   4012.  22184.  13806.  21830.]
computed 118/128
[ 77350.  35700. 812532.   4046.  22372.  13923.  22015.]
computed 119/128
[ 78000.  36000. 819360.   4080.  22560.  14040.  22200.]
computed 120/128
[ 78650.  36300. 826188.   4114.  22748.  14157.  22385.]
computed 121/128
[ 79300.  36600. 833016.   4148.  22936.  14274.  22570.]
computed 122/128
[ 79950.  36900. 839844.   4182.  23124.  14391.  22755.]
computed 123/128
[ 80600.  37200. 846672.   4216.  23312.  14508.  22940.]
computed 124/128
[ 81250.  37500. 853500.   4250.  23500.  14625.  23125.]
computed 125/128
[ 81900.  37800. 860328.   4284.  23688.  14742.  23310.]
computed 126/128
[ 82550.  38100. 867156.   4318.  23876.  14859.  23495.]
computed 127/128
[ 83200.  38400. 873984.   4352.  24064.  14976.  23680.]
final test 
[ 83200.  38400. 873984.   4352.  24064.  14976.  23680.]
