-1 0.00782 0.00451
0 0.00000 0.00000
1 0.00000 0.00000
2 0.00000 0.00000
3 0.00000 0.00000
4 0.00000 0.00000
5 0.00000 0.00000
6 0.00000 0.00000
7 0.00000 0.00000
8 0.00000 0.00000
9 0.00000 0.00000
10 0.00000 0.00000
---- Epoch: 0
-1 0.00029 0.00211
0 0.00006 0.00243
1 0.00005 0.00228
2 0.00004 0.00221
3 0.00003 0.00209
4 0.00003 0.00195
5 0.00003 0.00221
6 0.00004 0.00234
7 0.00004 0.00257
8 0.00005 0.00267
9 0.00001 0.00152
10 0.00004 0.00314
-1 0.00045 0.00260
0 0.00008 0.00276
1 0.00005 0.00245
2 0.00004 0.00231
3 0.00004 0.00218
4 0.00003 0.00199
5 0.00003 0.00202
6 0.00003 0.00196
7 0.00003 0.00207
8 0.00003 0.00207
9 0.00000 0.00118
10 0.00002 0.00264
-1 0.00039 0.00243
0 0.00012 0.00348
1 0.00012 0.00394
2 0.00012 0.00438
3 0.00011 0.00470
4 0.00013 0.00514
5 0.00017 0.00630
6 0.00024 0.00739
7 0.00024 0.00842
8 0.00031 0.00966
9 0.00005 0.00551
10 0.00058 0.02175
-1 0.00014 0.00147
0 0.00004 0.00213
1 0.00004 0.00224
2 0.00004 0.00238
3 0.00004 0.00253
4 0.00005 0.00274
5 0.00007 0.00326
6 0.00010 0.00378
7 0.00010 0.00420
8 0.00013 0.00470
9 0.00002 0.00266
10 0.00017 0.00761
---- Epoch: 1
-1 0.00059 0.00298
0 0.00013 0.00359
1 0.00010 0.00351
2 0.00009 0.00358
3 0.00009 0.00365
4 0.00009 0.00374
5 0.00011 0.00428
6 0.00013 0.00460
7 0.00014 0.00511
8 0.00017 0.00550
9 0.00002 0.00312
10 0.00015 0.00753
-1 0.00029 0.00211
0 0.00004 0.00196
1 0.00003 0.00167
2 0.00001 0.00124
3 0.00000 0.00069
4 0.00000 0.00017
5 0.00000 0.00000
6 0.00000 0.00000
7 0.00000 0.00000
8 0.00000 0.00000
9 0.00000 0.00000
10 0.00000 0.00000
-1 0.00036 0.00235
0 0.00008 0.00281
1 0.00007 0.00284
2 0.00006 0.00293
3 0.00006 0.00306
4 0.00006 0.00320
5 0.00008 0.00374
6 0.00009 0.00409
7 0.00009 0.00457
8 0.00011 0.00500
9 0.00002 0.00284
10 0.00012 0.00723
-1 0.00058 0.00296
0 0.00011 0.00335
1 0.00008 0.00302
2 0.00006 0.00281
3 0.00005 0.00251
4 0.00004 0.00209
5 0.00003 0.00203
6 0.00003 0.00175
7 0.00002 0.00177
8 0.00002 0.00143
9 0.00000 0.00079
10 0.00001 0.00124
---- Epoch: 2
-1 0.00037 0.00237
0 0.00011 0.00332
1 0.00010 0.00372
2 0.00011 0.00421
3 0.00011 0.00461
4 0.00013 0.00513
5 0.00018 0.00637
6 0.00025 0.00755
7 0.00025 0.00859
8 0.00033 0.00991
9 0.00004 0.00558
10 0.00039 0.01712
-1 0.00030 0.00216
0 0.00005 0.00233
1 0.00004 0.00214
2 0.00003 0.00205
3 0.00003 0.00200
4 0.00003 0.00192
5 0.00003 0.00207
6 0.00004 0.00218
7 0.00003 0.00231
8 0.00004 0.00243
9 0.00001 0.00141
10 0.00001 0.00211
-1 0.00031 0.00219
0 0.00004 0.00211
1 0.00003 0.00189
2 0.00002 0.00169
3 0.00002 0.00157
4 0.00002 0.00149
5 0.00002 0.00157
6 0.00002 0.00153
7 0.00002 0.00154
8 0.00002 0.00143
9 0.00000 0.00080
10 0.00000 0.00116
-1 0.00056 0.00290
0 0.00012 0.00351
1 0.00010 0.00337
2 0.00009 0.00334
3 0.00008 0.00328
4 0.00008 0.00330
5 0.00010 0.00387
6 0.00013 0.00432
7 0.00013 0.00465
8 0.00016 0.00514
9 0.00003 0.00293
10 0.00007 0.00462
---- Epoch: 3
-1 0.00019 0.00169
0 0.00003 0.00176
1 0.00002 0.00170
2 0.00002 0.00160
3 0.00002 0.00149
4 0.00001 0.00128
5 0.00001 0.00117
6 0.00000 0.00059
7 0.00000 0.00029
8 0.00000 0.00000
9 0.00000 0.00000
10 0.00000 0.00000
-1 0.00032 0.00222
0 0.00010 0.00317
1 0.00010 0.00362
2 0.00010 0.00414
3 0.00010 0.00455
4 0.00012 0.00508
5 0.00018 0.00634
6 0.00025 0.00755
7 0.00025 0.00859
8 0.00033 0.00991
9 0.00004 0.00557
10 0.00035 0.01715
-1 0.00027 0.00203
0 0.00005 0.00223
1 0.00004 0.00213
2 0.00003 0.00211
3 0.00003 0.00201
4 0.00003 0.00198
5 0.00003 0.00219
6 0.00004 0.00230
7 0.00004 0.00249
8 0.00005 0.00270
9 0.00001 0.00152
10 0.00002 0.00280
-1 0.00016 0.00160
0 0.00001 0.00100
1 0.00000 0.00070
2 0.00000 0.00047
3 0.00000 0.00016
4 0.00000 0.00000
5 0.00000 0.00000
6 0.00000 0.00000
7 0.00000 0.00000
8 0.00000 0.00000
9 0.00000 0.00000
10 0.00000 0.00000
---- Epoch: 4
